0.646666666666667 0.353333333333333
0.54 0.46
0.803333333333333 0.196666666666667
0.326666666666667 0.673333333333333
0.43 0.57
0.576666666666667 0.423333333333333
0.66 0.34
0.42 0.58
0.71 0.29
0.526666666666667 0.473333333333333
0.573333333333333 0.426666666666667
0.823333333333333 0.176666666666667
0.276666666666667 0.723333333333333
0.69 0.31
0.65 0.35
0.71 0.29
0.486666666666667 0.513333333333333
0.726666666666667 0.273333333333333
0.533333333333333 0.466666666666667
0.476666666666667 0.523333333333333
0.343333333333333 0.656666666666667
0.373333333333333 0.626666666666667
0.763333333333333 0.236666666666667
0.62 0.38
0.51 0.49
0.65 0.35
0.46 0.54
0.56 0.44
0.47 0.53
0.473333333333333 0.526666666666667
0.456666666666667 0.543333333333333
0.66 0.34
0.483333333333333 0.516666666666667
0.616666666666667 0.383333333333333
0.726666666666667 0.273333333333333
0.163333333333333 0.836666666666667
0.79 0.21
0.67 0.33
0.57 0.43
0.723333333333333 0.276666666666667
0.543333333333333 0.456666666666667
0.466666666666667 0.533333333333333
0.686666666666667 0.313333333333333
0.406666666666667 0.593333333333333
0.33 0.67
0.393333333333333 0.606666666666667
0.74 0.26
0.4 0.6
0.716666666666667 0.283333333333333
0.613333333333333 0.386666666666667
0.616666666666667 0.383333333333333
0.356666666666667 0.643333333333333
0.226666666666667 0.773333333333333
0.516666666666667 0.483333333333333
0.52 0.48
0.68 0.32
0.613333333333333 0.386666666666667
0.363333333333333 0.636666666666667
0.543333333333333 0.456666666666667
0.54 0.46
0.61 0.39
0.73 0.27
0.58 0.42
0.61 0.39
0.49 0.51
0.676666666666667 0.323333333333333
0.653333333333333 0.346666666666667
0.3 0.7
0.736666666666667 0.263333333333333
0.683333333333333 0.316666666666667
0.633333333333333 0.366666666666667
0.226666666666667 0.773333333333333
0.246666666666667 0.753333333333333
0.676666666666667 0.323333333333333
0.753333333333333 0.246666666666667
0.663333333333333 0.336666666666667
0.356666666666667 0.643333333333333
0.616666666666667 0.383333333333333
0.75 0.25
0.64 0.36
0.49 0.51
0.463333333333333 0.536666666666667
0.653333333333333 0.346666666666667
0.513333333333333 0.486666666666667
0.263333333333333 0.736666666666667
0.72 0.28
0.6 0.4
0.63 0.37
0.716666666666667 0.283333333333333
0.57 0.43
0.576666666666667 0.423333333333333
0.68 0.32
0.4 0.6
0.476666666666667 0.523333333333333
0.77 0.23
0.27 0.73
0.536666666666667 0.463333333333333
0.33 0.67
0.643333333333333 0.356666666666667
0.523333333333333 0.476666666666667
0.603333333333333 0.396666666666667
0.506666666666667 0.493333333333333
0.546666666666667 0.453333333333333
0.556666666666667 0.443333333333333
0.743333333333333 0.256666666666667
0.56 0.44
0.546666666666667 0.453333333333333
0.69 0.31
0.786666666666667 0.213333333333333
0.73 0.27
0.753333333333333 0.246666666666667
0.826666666666667 0.173333333333333
0.606666666666667 0.393333333333333
0.54 0.46
0.513333333333333 0.486666666666667
0.59 0.41
0.806666666666667 0.193333333333333
0.48 0.52
0.27 0.73
0.85 0.15
0.656666666666667 0.343333333333333
0.473333333333333 0.526666666666667
0.58 0.42
0.336666666666667 0.663333333333333
0.476666666666667 0.523333333333333
0.626666666666667 0.373333333333333
0.643333333333333 0.356666666666667
0.646666666666667 0.353333333333333
0.603333333333333 0.396666666666667
0.5 0.5
0.573333333333333 0.426666666666667
0.423333333333333 0.576666666666667
0.82 0.18
0.636666666666667 0.363333333333333
0.676666666666667 0.323333333333333
0.386666666666667 0.613333333333333
0.64 0.36
0.706666666666667 0.293333333333333
0.596666666666667 0.403333333333333
0.68 0.32
0.216666666666667 0.783333333333333
0.396666666666667 0.603333333333333
0.683333333333333 0.316666666666667
0.363333333333333 0.636666666666667
0.463333333333333 0.536666666666667
0.376666666666667 0.623333333333333
0.516666666666667 0.483333333333333
0.433333333333333 0.566666666666667
0.666666666666667 0.333333333333333
0.646666666666667 0.353333333333333
0.74 0.26
0.653333333333333 0.346666666666667
0.813333333333333 0.186666666666667
0.733333333333333 0.266666666666667
0.746666666666667 0.253333333333333
0.536666666666667 0.463333333333333
0.556666666666667 0.443333333333333
0.876666666666667 0.123333333333333
0.67 0.33
0.716666666666667 0.283333333333333
0.463333333333333 0.536666666666667
0.536666666666667 0.463333333333333
0.866666666666667 0.133333333333333
0.553333333333333 0.446666666666667
0.773333333333333 0.226666666666667
0.54 0.46
0.603333333333333 0.396666666666667
0.596666666666667 0.403333333333333
0.51 0.49
0.596666666666667 0.403333333333333
0.523333333333333 0.476666666666667
0.533333333333333 0.466666666666667
0.66 0.34
0.45 0.55
0.666666666666667 0.333333333333333
0.536666666666667 0.463333333333333
0.686666666666667 0.313333333333333
0.743333333333333 0.256666666666667
0.696666666666667 0.303333333333333
0.833333333333333 0.166666666666667
0.686666666666667 0.313333333333333
0.73 0.27
0.836666666666667 0.163333333333333
0.743333333333333 0.256666666666667
0.583333333333333 0.416666666666667
0.553333333333333 0.446666666666667
0.63 0.37
0.713333333333333 0.286666666666667
0.68 0.32
0.733333333333333 0.266666666666667
0.733333333333333 0.266666666666667
0.603333333333333 0.396666666666667
0.823333333333333 0.176666666666667
0.623333333333333 0.376666666666667
0.613333333333333 0.386666666666667
0.506666666666667 0.493333333333333
0.786666666666667 0.213333333333333
0.383333333333333 0.616666666666667
0.796666666666667 0.203333333333333
0.633333333333333 0.366666666666667
0.696666666666667 0.303333333333333
0.546666666666667 0.453333333333333
0.406666666666667 0.593333333333333
0.626666666666667 0.373333333333333
0.643333333333333 0.356666666666667
0.723333333333333 0.276666666666667
0.606666666666667 0.393333333333333
0.653333333333333 0.346666666666667
0.58 0.42
0.753333333333333 0.246666666666667
0.65 0.35
0.696666666666667 0.303333333333333
0.516666666666667 0.483333333333333
0.726666666666667 0.273333333333333
0.72 0.28
0.756666666666667 0.243333333333333
0.486666666666667 0.513333333333333
0.553333333333333 0.446666666666667
0.776666666666667 0.223333333333333
0.45 0.55
0.676666666666667 0.323333333333333
0.34 0.66
0.543333333333333 0.456666666666667
0.57 0.43
0.683333333333333 0.316666666666667
0.7 0.3
0.826666666666667 0.173333333333333
0.776666666666667 0.223333333333333
0.79 0.21
0.673333333333333 0.326666666666667
0.726666666666667 0.273333333333333
0.85 0.15
0.59 0.41
0.616666666666667 0.383333333333333
0.696666666666667 0.303333333333333
0.69 0.31
0.67 0.33
0.616666666666667 0.383333333333333
0.64 0.36
0.6 0.4
0.776666666666667 0.223333333333333
0.63 0.37
0.836666666666667 0.163333333333333
0.76 0.24
0.813333333333333 0.186666666666667
0.8 0.2
0.75 0.25
0.723333333333333 0.276666666666667
0.526666666666667 0.473333333333333
0.58 0.42
0.663333333333333 0.336666666666667
0.56 0.44
0.756666666666667 0.243333333333333
0.803333333333333 0.196666666666667
0.413333333333333 0.586666666666667
0.58 0.42
0.523333333333333 0.476666666666667
0.676666666666667 0.323333333333333
0.58 0.42
0.713333333333333 0.286666666666667
0.613333333333333 0.386666666666667
0.756666666666667 0.243333333333333
0.633333333333333 0.366666666666667
0.396666666666667 0.603333333333333
0.44 0.56
0.35 0.65
0.566666666666667 0.433333333333333
0.76 0.24
0.726666666666667 0.273333333333333
0.453333333333333 0.546666666666667
0.533333333333333 0.466666666666667
0.576666666666667 0.423333333333333
0.746666666666667 0.253333333333333
0.526666666666667 0.473333333333333
0.713333333333333 0.286666666666667
0.6 0.4
0.5 0.5
0.58 0.42
0.676666666666667 0.323333333333333
0.72 0.28
0.716666666666667 0.283333333333333
0.583333333333333 0.416666666666667
0.733333333333333 0.266666666666667
0.733333333333333 0.266666666666667
0.753333333333333 0.246666666666667
0.526666666666667 0.473333333333333
0.803333333333333 0.196666666666667
0.496666666666667 0.503333333333333
0.656666666666667 0.343333333333333
0.556666666666667 0.443333333333333
0.81 0.19
0.443333333333333 0.556666666666667
0.53 0.47
0.646666666666667 0.353333333333333
0.77 0.23
0.72 0.28
0.653333333333333 0.346666666666667
0.66 0.34
0.61 0.39
0.56 0.44
0.656666666666667 0.343333333333333
0.763333333333333 0.236666666666667
0.463333333333333 0.536666666666667
0.373333333333333 0.626666666666667
0.693333333333333 0.306666666666667
0.79 0.21
0.74 0.26
0.806666666666667 0.193333333333333
0.693333333333333 0.306666666666667
0.553333333333333 0.446666666666667
0.653333333333333 0.346666666666667
0.52 0.48
0.71 0.29
0.65 0.35
0.713333333333333 0.286666666666667
0.826666666666667 0.173333333333333
0.57 0.43
0.706666666666667 0.293333333333333
0.81 0.19
0.61 0.39
0.393333333333333 0.606666666666667
0.403333333333333 0.596666666666667
0.636666666666667 0.363333333333333
0.523333333333333 0.476666666666667
0.586666666666667 0.413333333333333
0.733333333333333 0.266666666666667
0.69 0.31
0.606666666666667 0.393333333333333
0.536666666666667 0.463333333333333
0.513333333333333 0.486666666666667
0.696666666666667 0.303333333333333
0.536666666666667 0.463333333333333
0.676666666666667 0.323333333333333
0.623333333333333 0.376666666666667
0.72 0.28
0.546666666666667 0.453333333333333
0.746666666666667 0.253333333333333
0.726666666666667 0.273333333333333
0.56 0.44
0.713333333333333 0.286666666666667
0.54 0.46
0.69 0.31
0.536666666666667 0.463333333333333
0.613333333333333 0.386666666666667
0.71 0.29
0.746666666666667 0.253333333333333
0.8 0.2
0.483333333333333 0.516666666666667
0.556666666666667 0.443333333333333
0.5 0.5
0.74 0.26
0.72 0.28
0.776666666666667 0.223333333333333
0.62 0.38
0.643333333333333 0.356666666666667
0.59 0.41
0.656666666666667 0.343333333333333
0.576666666666667 0.423333333333333
0.366666666666667 0.633333333333333
0.596666666666667 0.403333333333333
0.443333333333333 0.556666666666667
0.74 0.26
0.706666666666667 0.293333333333333
0.7 0.3
0.733333333333333 0.266666666666667
0.646666666666667 0.353333333333333
0.76 0.24
0.483333333333333 0.516666666666667
0.68 0.32
0.673333333333333 0.326666666666667
0.676666666666667 0.323333333333333
0.35 0.65
0.726666666666667 0.273333333333333
0.823333333333333 0.176666666666667
0.583333333333333 0.416666666666667
0.743333333333333 0.256666666666667
0.533333333333333 0.466666666666667
0.546666666666667 0.453333333333333
0.823333333333333 0.176666666666667
0.67 0.33
0.606666666666667 0.393333333333333
0.686666666666667 0.313333333333333
0.49 0.51
0.65 0.35
0.65 0.35
0.68 0.32
0.56 0.44
0.786666666666667 0.213333333333333
0.366666666666667 0.633333333333333
0.733333333333333 0.266666666666667
0.583333333333333 0.416666666666667
0.836666666666667 0.163333333333333
0.506666666666667 0.493333333333333
0.59 0.41
0.713333333333333 0.286666666666667
0.343333333333333 0.656666666666667
0.55 0.45
0.796666666666667 0.203333333333333
0.71 0.29
0.236666666666667 0.763333333333333
0.563333333333333 0.436666666666667
0.293333333333333 0.706666666666667
0.703333333333333 0.296666666666667
0.246666666666667 0.753333333333333
0.356666666666667 0.643333333333333
0.463333333333333 0.536666666666667
0.466666666666667 0.533333333333333
0.396666666666667 0.603333333333333
0.34 0.66
0.443333333333333 0.556666666666667
0.53 0.47
0.703333333333333 0.296666666666667
0.283333333333333 0.716666666666667
0.536666666666667 0.463333333333333
0.5 0.5
0.683333333333333 0.316666666666667
0.706666666666667 0.293333333333333
0.446666666666667 0.553333333333333
0.37 0.63
0.376666666666667 0.623333333333333
0.46 0.54
0.733333333333333 0.266666666666667
0.59 0.41
0.43 0.57
0.513333333333333 0.486666666666667
0.71 0.29
0.606666666666667 0.393333333333333
0.223333333333333 0.776666666666667
0.576666666666667 0.423333333333333
0.366666666666667 0.633333333333333
0.426666666666667 0.573333333333333
0.393333333333333 0.606666666666667
0.446666666666667 0.553333333333333
0.723333333333333 0.276666666666667
0.61 0.39
0.436666666666667 0.563333333333333
0.656666666666667 0.343333333333333
0.7 0.3
0.58 0.42
0.566666666666667 0.433333333333333
0.453333333333333 0.546666666666667
0.456666666666667 0.543333333333333
0.296666666666667 0.703333333333333
0.683333333333333 0.316666666666667
0.206666666666667 0.793333333333333
0.443333333333333 0.556666666666667
0.416666666666667 0.583333333333333
0.596666666666667 0.403333333333333
0.403333333333333 0.596666666666667
0.356666666666667 0.643333333333333
0.62 0.38
0.816666666666667 0.183333333333333
0.84 0.16
0.416666666666667 0.583333333333333
0.433333333333333 0.566666666666667
0.383333333333333 0.616666666666667
0.596666666666667 0.403333333333333
0.793333333333333 0.206666666666667
0.25 0.75
0.583333333333333 0.416666666666667
0.376666666666667 0.623333333333333
0.473333333333333 0.526666666666667
0.26 0.74
0.72 0.28
0.37 0.63
0.51 0.49
0.663333333333333 0.336666666666667
0.496666666666667 0.503333333333333
0.546666666666667 0.453333333333333
0.596666666666667 0.403333333333333
0.636666666666667 0.363333333333333
0.496666666666667 0.503333333333333
0.493333333333333 0.506666666666667
0.503333333333333 0.496666666666667
0.366666666666667 0.633333333333333
0.773333333333333 0.226666666666667
0.36 0.64
0.5 0.5
0.496666666666667 0.503333333333333
0.43 0.57
0.413333333333333 0.586666666666667
0.566666666666667 0.433333333333333
0.476666666666667 0.523333333333333
0.606666666666667 0.393333333333333
0.503333333333333 0.496666666666667
0.606666666666667 0.393333333333333
0.31 0.69
0.656666666666667 0.343333333333333
0.59 0.41
0.473333333333333 0.526666666666667
0.66 0.34
0.763333333333333 0.236666666666667
0.773333333333333 0.226666666666667
0.49 0.51
0.473333333333333 0.526666666666667
0.313333333333333 0.686666666666667
0.416666666666667 0.583333333333333
0.803333333333333 0.196666666666667
0.593333333333333 0.406666666666667
0.673333333333333 0.326666666666667
0.51 0.49
0.516666666666667 0.483333333333333
0.57 0.43
0.746666666666667 0.253333333333333
0.59 0.41
0.54 0.46
0.496666666666667 0.503333333333333
0.673333333333333 0.326666666666667
0.75 0.25
0.706666666666667 0.293333333333333
0.373333333333333 0.626666666666667
0.616666666666667 0.383333333333333
0.786666666666667 0.213333333333333
0.716666666666667 0.283333333333333
0.51 0.49
0.75 0.25
0.733333333333333 0.266666666666667
0.523333333333333 0.476666666666667
0.663333333333333 0.336666666666667
0.606666666666667 0.393333333333333
0.32 0.68
0.5 0.5
0.663333333333333 0.336666666666667
0.66 0.34
0.696666666666667 0.303333333333333
0.686666666666667 0.313333333333333
0.55 0.45
0.736666666666667 0.263333333333333
0.71 0.29
0.75 0.25
0.606666666666667 0.393333333333333
0.403333333333333 0.596666666666667
0.65 0.35
0.75 0.25
0.6 0.4
0.413333333333333 0.586666666666667
0.393333333333333 0.606666666666667
0.393333333333333 0.606666666666667
0.64 0.36
0.663333333333333 0.336666666666667
0.526666666666667 0.473333333333333
0.456666666666667 0.543333333333333
0.513333333333333 0.486666666666667
0.713333333333333 0.286666666666667
0.606666666666667 0.393333333333333
0.693333333333333 0.306666666666667
0.836666666666667 0.163333333333333
0.56 0.44
0.73 0.27
0.816666666666667 0.183333333333333
0.63 0.37
0.523333333333333 0.476666666666667
0.75 0.25
0.36 0.64
0.733333333333333 0.266666666666667
0.57 0.43
0.736666666666667 0.263333333333333
0.613333333333333 0.386666666666667
0.79 0.21
0.676666666666667 0.323333333333333
0.406666666666667 0.593333333333333
0.626666666666667 0.373333333333333
0.516666666666667 0.483333333333333
0.713333333333333 0.286666666666667
0.426666666666667 0.573333333333333
0.666666666666667 0.333333333333333
0.603333333333333 0.396666666666667
0.536666666666667 0.463333333333333
0.643333333333333 0.356666666666667
0.64 0.36
0.593333333333333 0.406666666666667
0.496666666666667 0.503333333333333
0.546666666666667 0.453333333333333
0.66 0.34
0.54 0.46
0.79 0.21
0.63 0.37
0.61 0.39
0.383333333333333 0.616666666666667
0.523333333333333 0.476666666666667
0.5 0.5
0.37 0.63
0.686666666666667 0.313333333333333
0.68 0.32
0.61 0.39
0.596666666666667 0.403333333333333
0.833333333333333 0.166666666666667
0.73 0.27
0.7 0.3
0.6 0.4
0.26 0.74
0.566666666666667 0.433333333333333
0.796666666666667 0.203333333333333
0.71 0.29
0.596666666666667 0.403333333333333
0.673333333333333 0.326666666666667
0.633333333333333 0.366666666666667
0.593333333333333 0.406666666666667
0.736666666666667 0.263333333333333
0.606666666666667 0.393333333333333
0.633333333333333 0.366666666666667
0.74 0.26
0.66 0.34
0.54 0.46
0.596666666666667 0.403333333333333
0.67 0.33
0.663333333333333 0.336666666666667
0.703333333333333 0.296666666666667
0.346666666666667 0.653333333333333
0.676666666666667 0.323333333333333
0.36 0.64
0.69 0.31
0.666666666666667 0.333333333333333
0.633333333333333 0.366666666666667
0.843333333333333 0.156666666666667
0.743333333333333 0.256666666666667
0.626666666666667 0.373333333333333
0.69 0.31
0.623333333333333 0.376666666666667
0.4 0.6
0.6 0.4
0.47 0.53
0.573333333333333 0.426666666666667
0.51 0.49
0.746666666666667 0.253333333333333
0.513333333333333 0.486666666666667
0.726666666666667 0.273333333333333
0.736666666666667 0.263333333333333
0.413333333333333 0.586666666666667
0.773333333333333 0.226666666666667
0.626666666666667 0.373333333333333
0.783333333333333 0.216666666666667
0.786666666666667 0.213333333333333
0.81 0.19
0.8 0.2
0.623333333333333 0.376666666666667
0.436666666666667 0.563333333333333
0.57 0.43
0.7 0.3
0.703333333333333 0.296666666666667
0.406666666666667 0.593333333333333
0.69 0.31
0.68 0.32
0.82 0.18
0.783333333333333 0.216666666666667
0.656666666666667 0.343333333333333
0.68 0.32
0.323333333333333 0.676666666666667
0.593333333333333 0.406666666666667
0.856666666666667 0.143333333333333
0.636666666666667 0.363333333333333
0.716666666666667 0.283333333333333
0.55 0.45
