0.563333333333333 0.436666666666667
0.64 0.36
0.526666666666667 0.473333333333333
0.486666666666667 0.513333333333333
0.416666666666667 0.583333333333333
0.606666666666667 0.393333333333333
0.456666666666667 0.543333333333333
0.7 0.3
0.45 0.55
0.383333333333333 0.616666666666667
0.32 0.68
0.673333333333333 0.326666666666667
0.72 0.28
0.73 0.27
0.716666666666667 0.283333333333333
0.32 0.68
0.453333333333333 0.546666666666667
0.506666666666667 0.493333333333333
0.543333333333333 0.456666666666667
0.19 0.81
0.413333333333333 0.586666666666667
0.7 0.3
0.666666666666667 0.333333333333333
0.483333333333333 0.516666666666667
0.81 0.19
0.703333333333333 0.296666666666667
0.55 0.45
0.666666666666667 0.333333333333333
0.523333333333333 0.476666666666667
0.603333333333333 0.396666666666667
0.686666666666667 0.313333333333333
0.466666666666667 0.533333333333333
0.473333333333333 0.526666666666667
0.42 0.58
0.3 0.7
0.31 0.69
0.576666666666667 0.423333333333333
0.766666666666667 0.233333333333333
0.27 0.73
0.64 0.36
0.36 0.64
0.52 0.48
0.62 0.38
0.453333333333333 0.546666666666667
0.303333333333333 0.696666666666667
0.683333333333333 0.316666666666667
0.276666666666667 0.723333333333333
0.533333333333333 0.466666666666667
0.666666666666667 0.333333333333333
0.66 0.34
0.483333333333333 0.516666666666667
0.746666666666667 0.253333333333333
0.703333333333333 0.296666666666667
0.423333333333333 0.576666666666667
0.386666666666667 0.613333333333333
0.746666666666667 0.253333333333333
0.523333333333333 0.476666666666667
0.44 0.56
0.583333333333333 0.416666666666667
0.483333333333333 0.516666666666667
0.41 0.59
0.71 0.29
0.483333333333333 0.516666666666667
0.543333333333333 0.456666666666667
0.5 0.5
0.69 0.31
0.663333333333333 0.336666666666667
0.486666666666667 0.513333333333333
0.443333333333333 0.556666666666667
0.486666666666667 0.513333333333333
0.556666666666667 0.443333333333333
0.453333333333333 0.546666666666667
0.293333333333333 0.706666666666667
0.573333333333333 0.426666666666667
0.74 0.26
0.573333333333333 0.426666666666667
0.376666666666667 0.623333333333333
0.403333333333333 0.596666666666667
0.486666666666667 0.513333333333333
0.403333333333333 0.596666666666667
0.553333333333333 0.446666666666667
0.206666666666667 0.793333333333333
0.496666666666667 0.503333333333333
0.67 0.33
0.363333333333333 0.636666666666667
0.606666666666667 0.393333333333333
0.723333333333333 0.276666666666667
0.733333333333333 0.266666666666667
0.63 0.37
0.666666666666667 0.333333333333333
0.553333333333333 0.446666666666667
0.61 0.39
0.65 0.35
0.73 0.27
0.716666666666667 0.283333333333333
0.69 0.31
0.763333333333333 0.236666666666667
0.633333333333333 0.366666666666667
0.563333333333333 0.436666666666667
0.663333333333333 0.336666666666667
0.613333333333333 0.386666666666667
0.496666666666667 0.503333333333333
0.756666666666667 0.243333333333333
0.75 0.25
0.49 0.51
0.813333333333333 0.186666666666667
0.553333333333333 0.446666666666667
0.686666666666667 0.313333333333333
0.736666666666667 0.263333333333333
0.73 0.27
0.68 0.32
0.723333333333333 0.276666666666667
0.63 0.37
0.73 0.27
0.61 0.39
0.55 0.45
0.72 0.28
0.54 0.46
0.753333333333333 0.246666666666667
0.64 0.36
0.786666666666667 0.213333333333333
0.636666666666667 0.363333333333333
0.693333333333333 0.306666666666667
0.573333333333333 0.426666666666667
0.693333333333333 0.306666666666667
0.836666666666667 0.163333333333333
0.733333333333333 0.266666666666667
0.573333333333333 0.426666666666667
0.563333333333333 0.436666666666667
0.643333333333333 0.356666666666667
0.736666666666667 0.263333333333333
0.606666666666667 0.393333333333333
0.586666666666667 0.413333333333333
0.8 0.2
0.273333333333333 0.726666666666667
0.68 0.32
0.773333333333333 0.226666666666667
0.8 0.2
0.676666666666667 0.323333333333333
0.593333333333333 0.406666666666667
0.416666666666667 0.583333333333333
0.386666666666667 0.613333333333333
0.633333333333333 0.366666666666667
0.696666666666667 0.303333333333333
0.566666666666667 0.433333333333333
0.716666666666667 0.283333333333333
0.566666666666667 0.433333333333333
0.646666666666667 0.353333333333333
0.49 0.51
0.26 0.74
0.636666666666667 0.363333333333333
0.563333333333333 0.436666666666667
0.493333333333333 0.506666666666667
0.593333333333333 0.406666666666667
0.686666666666667 0.313333333333333
0.62 0.38
0.516666666666667 0.483333333333333
0.68 0.32
0.676666666666667 0.323333333333333
0.363333333333333 0.636666666666667
0.476666666666667 0.523333333333333
0.573333333333333 0.426666666666667
0.696666666666667 0.303333333333333
0.3 0.7
0.66 0.34
0.603333333333333 0.396666666666667
0.686666666666667 0.313333333333333
0.846666666666667 0.153333333333333
0.676666666666667 0.323333333333333
0.476666666666667 0.523333333333333
0.486666666666667 0.513333333333333
0.733333333333333 0.266666666666667
0.733333333333333 0.266666666666667
0.77 0.23
0.66 0.34
0.633333333333333 0.366666666666667
0.743333333333333 0.256666666666667
0.66 0.34
0.633333333333333 0.366666666666667
0.473333333333333 0.526666666666667
0.296666666666667 0.703333333333333
0.603333333333333 0.396666666666667
0.646666666666667 0.353333333333333
0.383333333333333 0.616666666666667
0.22 0.78
0.343333333333333 0.656666666666667
0.55 0.45
0.363333333333333 0.636666666666667
0.503333333333333 0.496666666666667
0.57 0.43
0.816666666666667 0.183333333333333
0.523333333333333 0.476666666666667
0.253333333333333 0.746666666666667
0.523333333333333 0.476666666666667
0.52 0.48
0.703333333333333 0.296666666666667
0.76 0.24
0.696666666666667 0.303333333333333
0.366666666666667 0.633333333333333
0.56 0.44
0.783333333333333 0.216666666666667
0.57 0.43
0.753333333333333 0.246666666666667
0.246666666666667 0.753333333333333
0.493333333333333 0.506666666666667
0.696666666666667 0.303333333333333
0.316666666666667 0.683333333333333
0.446666666666667 0.553333333333333
0.52 0.48
0.316666666666667 0.683333333333333
0.53 0.47
0.55 0.45
0.453333333333333 0.546666666666667
0.57 0.43
0.54 0.46
0.316666666666667 0.683333333333333
0.706666666666667 0.293333333333333
0.753333333333333 0.246666666666667
0.67 0.33
0.58 0.42
0.563333333333333 0.436666666666667
0.463333333333333 0.536666666666667
0.646666666666667 0.353333333333333
0.806666666666667 0.193333333333333
0.54 0.46
0.553333333333333 0.446666666666667
0.7 0.3
0.466666666666667 0.533333333333333
0.45 0.55
0.353333333333333 0.646666666666667
0.54 0.46
0.753333333333333 0.246666666666667
0.29 0.71
0.806666666666667 0.193333333333333
0.503333333333333 0.496666666666667
0.696666666666667 0.303333333333333
0.696666666666667 0.303333333333333
0.343333333333333 0.656666666666667
0.513333333333333 0.486666666666667
0.656666666666667 0.343333333333333
0.61 0.39
0.41 0.59
0.736666666666667 0.263333333333333
0.293333333333333 0.706666666666667
0.723333333333333 0.276666666666667
0.71 0.29
0.376666666666667 0.623333333333333
0.636666666666667 0.363333333333333
0.756666666666667 0.243333333333333
0.793333333333333 0.206666666666667
0.786666666666667 0.213333333333333
0.57 0.43
0.693333333333333 0.306666666666667
0.446666666666667 0.553333333333333
0.656666666666667 0.343333333333333
0.536666666666667 0.463333333333333
0.833333333333333 0.166666666666667
0.753333333333333 0.246666666666667
0.346666666666667 0.653333333333333
0.633333333333333 0.366666666666667
0.85 0.15
0.633333333333333 0.366666666666667
0.293333333333333 0.706666666666667
0.323333333333333 0.676666666666667
0.636666666666667 0.363333333333333
0.663333333333333 0.336666666666667
0.723333333333333 0.276666666666667
0.606666666666667 0.393333333333333
0.536666666666667 0.463333333333333
0.7 0.3
0.666666666666667 0.333333333333333
0.716666666666667 0.283333333333333
0.39 0.61
0.566666666666667 0.433333333333333
0.39 0.61
0.573333333333333 0.426666666666667
0.536666666666667 0.463333333333333
0.726666666666667 0.273333333333333
0.666666666666667 0.333333333333333
0.53 0.47
0.6 0.4
0.83 0.17
0.666666666666667 0.333333333333333
0.433333333333333 0.566666666666667
0.743333333333333 0.256666666666667
0.706666666666667 0.293333333333333
0.473333333333333 0.526666666666667
0.71 0.29
0.513333333333333 0.486666666666667
0.58 0.42
0.28 0.72
0.54 0.46
0.266666666666667 0.733333333333333
0.643333333333333 0.356666666666667
0.403333333333333 0.596666666666667
0.636666666666667 0.363333333333333
0.606666666666667 0.393333333333333
0.493333333333333 0.506666666666667
0.5 0.5
0.69 0.31
0.41 0.59
0.646666666666667 0.353333333333333
0.363333333333333 0.636666666666667
0.506666666666667 0.493333333333333
0.43 0.57
0.716666666666667 0.283333333333333
0.676666666666667 0.323333333333333
0.396666666666667 0.603333333333333
0.743333333333333 0.256666666666667
0.653333333333333 0.346666666666667
0.606666666666667 0.393333333333333
0.333333333333333 0.666666666666667
0.683333333333333 0.316666666666667
0.503333333333333 0.496666666666667
0.373333333333333 0.626666666666667
0.596666666666667 0.403333333333333
0.71 0.29
0.543333333333333 0.456666666666667
0.563333333333333 0.436666666666667
0.576666666666667 0.423333333333333
0.603333333333333 0.396666666666667
0.2 0.8
0.693333333333333 0.306666666666667
0.453333333333333 0.546666666666667
0.313333333333333 0.686666666666667
0.496666666666667 0.503333333333333
0.593333333333333 0.406666666666667
0.693333333333333 0.306666666666667
0.863333333333333 0.136666666666667
0.76 0.24
0.596666666666667 0.403333333333333
0.513333333333333 0.486666666666667
0.613333333333333 0.386666666666667
0.553333333333333 0.446666666666667
0.456666666666667 0.543333333333333
0.29 0.71
0.706666666666667 0.293333333333333
0.583333333333333 0.416666666666667
0.75 0.25
0.71 0.29
0.553333333333333 0.446666666666667
0.553333333333333 0.446666666666667
0.433333333333333 0.566666666666667
0.726666666666667 0.273333333333333
0.666666666666667 0.333333333333333
0.603333333333333 0.396666666666667
0.723333333333333 0.276666666666667
0.79 0.21
0.716666666666667 0.283333333333333
0.603333333333333 0.396666666666667
0.57 0.43
0.666666666666667 0.333333333333333
0.7 0.3
0.633333333333333 0.366666666666667
0.533333333333333 0.466666666666667
0.486666666666667 0.513333333333333
0.706666666666667 0.293333333333333
0.826666666666667 0.173333333333333
0.636666666666667 0.363333333333333
0.756666666666667 0.243333333333333
0.626666666666667 0.373333333333333
0.613333333333333 0.386666666666667
0.876666666666667 0.123333333333333
0.83 0.17
0.706666666666667 0.293333333333333
0.74 0.26
0.67 0.33
0.836666666666667 0.163333333333333
0.71 0.29
0.766666666666667 0.233333333333333
0.643333333333333 0.356666666666667
0.673333333333333 0.326666666666667
0.723333333333333 0.276666666666667
0.543333333333333 0.456666666666667
0.683333333333333 0.316666666666667
0.35 0.65
0.533333333333333 0.466666666666667
0.643333333333333 0.356666666666667
0.823333333333333 0.176666666666667
0.783333333333333 0.216666666666667
0.666666666666667 0.333333333333333
0.61 0.39
0.556666666666667 0.443333333333333
0.786666666666667 0.213333333333333
0.616666666666667 0.383333333333333
0.753333333333333 0.246666666666667
0.733333333333333 0.266666666666667
0.823333333333333 0.176666666666667
0.746666666666667 0.253333333333333
0.71 0.29
0.753333333333333 0.246666666666667
0.55 0.45
0.51 0.49
0.523333333333333 0.476666666666667
0.806666666666667 0.193333333333333
0.73 0.27
0.693333333333333 0.306666666666667
0.533333333333333 0.466666666666667
0.64 0.36
0.596666666666667 0.403333333333333
0.596666666666667 0.403333333333333
0.743333333333333 0.256666666666667
0.58 0.42
0.716666666666667 0.283333333333333
0.676666666666667 0.323333333333333
0.623333333333333 0.376666666666667
0.703333333333333 0.296666666666667
0.72 0.28
0.473333333333333 0.526666666666667
0.683333333333333 0.316666666666667
0.713333333333333 0.286666666666667
0.69 0.31
0.336666666666667 0.663333333333333
0.666666666666667 0.333333333333333
0.753333333333333 0.246666666666667
0.686666666666667 0.313333333333333
0.713333333333333 0.286666666666667
0.703333333333333 0.296666666666667
0.53 0.47
0.763333333333333 0.236666666666667
0.57 0.43
0.83 0.17
0.733333333333333 0.266666666666667
0.876666666666667 0.123333333333333
0.71 0.29
0.77 0.23
0.776666666666667 0.223333333333333
0.693333333333333 0.306666666666667
0.72 0.28
0.596666666666667 0.403333333333333
0.653333333333333 0.346666666666667
0.753333333333333 0.246666666666667
0.653333333333333 0.346666666666667
0.67 0.33
0.676666666666667 0.323333333333333
0.87 0.13
0.786666666666667 0.213333333333333
0.76 0.24
0.683333333333333 0.316666666666667
0.61 0.39
0.556666666666667 0.443333333333333
0.82 0.18
0.73 0.27
0.72 0.28
0.753333333333333 0.246666666666667
0.836666666666667 0.163333333333333
0.73 0.27
0.7 0.3
0.76 0.24
0.693333333333333 0.306666666666667
0.693333333333333 0.306666666666667
0.676666666666667 0.323333333333333
0.823333333333333 0.176666666666667
0.57 0.43
0.66 0.34
0.756666666666667 0.243333333333333
0.756666666666667 0.243333333333333
0.353333333333333 0.646666666666667
0.71 0.29
0.713333333333333 0.286666666666667
0.633333333333333 0.366666666666667
0.786666666666667 0.213333333333333
0.743333333333333 0.256666666666667
0.826666666666667 0.173333333333333
0.773333333333333 0.226666666666667
0.576666666666667 0.423333333333333
0.753333333333333 0.246666666666667
0.723333333333333 0.276666666666667
0.756666666666667 0.243333333333333
0.723333333333333 0.276666666666667
0.57 0.43
0.7 0.3
0.65 0.35
0.556666666666667 0.443333333333333
0.67 0.33
0.803333333333333 0.196666666666667
0.473333333333333 0.526666666666667
0.556666666666667 0.443333333333333
0.653333333333333 0.346666666666667
0.486666666666667 0.513333333333333
0.623333333333333 0.376666666666667
0.613333333333333 0.386666666666667
0.653333333333333 0.346666666666667
0.743333333333333 0.256666666666667
0.61 0.39
0.58 0.42
0.783333333333333 0.216666666666667
0.633333333333333 0.366666666666667
0.783333333333333 0.216666666666667
0.4 0.6
0.8 0.2
0.723333333333333 0.276666666666667
0.676666666666667 0.323333333333333
0.713333333333333 0.286666666666667
0.726666666666667 0.273333333333333
0.7 0.3
0.8 0.2
0.563333333333333 0.436666666666667
0.696666666666667 0.303333333333333
0.693333333333333 0.306666666666667
0.733333333333333 0.266666666666667
0.71 0.29
0.836666666666667 0.163333333333333
0.643333333333333 0.356666666666667
0.65 0.35
0.816666666666667 0.183333333333333
0.47 0.53
0.703333333333333 0.296666666666667
0.696666666666667 0.303333333333333
0.68 0.32
0.86 0.14
0.836666666666667 0.163333333333333
0.786666666666667 0.213333333333333
0.706666666666667 0.293333333333333
0.766666666666667 0.233333333333333
0.676666666666667 0.323333333333333
0.82 0.18
0.756666666666667 0.243333333333333
0.263333333333333 0.736666666666667
0.85 0.15
0.6 0.4
0.543333333333333 0.456666666666667
0.753333333333333 0.246666666666667
0.593333333333333 0.406666666666667
0.816666666666667 0.183333333333333
0.656666666666667 0.343333333333333
0.8 0.2
0.726666666666667 0.273333333333333
0.776666666666667 0.223333333333333
0.743333333333333 0.256666666666667
0.61 0.39
0.326666666666667 0.673333333333333
0.75 0.25
0.693333333333333 0.306666666666667
0.623333333333333 0.376666666666667
0.53 0.47
0.496666666666667 0.503333333333333
0.643333333333333 0.356666666666667
0.626666666666667 0.373333333333333
0.6 0.4
0.686666666666667 0.313333333333333
0.813333333333333 0.186666666666667
0.61 0.39
0.4 0.6
0.576666666666667 0.423333333333333
0.64 0.36
0.55 0.45
0.473333333333333 0.526666666666667
0.666666666666667 0.333333333333333
0.623333333333333 0.376666666666667
0.65 0.35
0.713333333333333 0.286666666666667
0.72 0.28
0.65 0.35
0.7 0.3
0.583333333333333 0.416666666666667
0.676666666666667 0.323333333333333
0.593333333333333 0.406666666666667
0.71 0.29
0.58 0.42
0.746666666666667 0.253333333333333
0.566666666666667 0.433333333333333
0.556666666666667 0.443333333333333
0.75 0.25
0.753333333333333 0.246666666666667
0.66 0.34
0.793333333333333 0.206666666666667
0.69 0.31
0.826666666666667 0.173333333333333
0.86 0.14
0.716666666666667 0.283333333333333
0.653333333333333 0.346666666666667
0.626666666666667 0.373333333333333
0.846666666666667 0.153333333333333
0.616666666666667 0.383333333333333
0.513333333333333 0.486666666666667
0.743333333333333 0.256666666666667
0.806666666666667 0.193333333333333
0.666666666666667 0.333333333333333
0.846666666666667 0.153333333333333
0.643333333333333 0.356666666666667
0.686666666666667 0.313333333333333
0.78 0.22
0.556666666666667 0.443333333333333
0.626666666666667 0.373333333333333
0.776666666666667 0.223333333333333
0.71 0.29
0.73 0.27
0.67 0.33
0.756666666666667 0.243333333333333
0.716666666666667 0.283333333333333
0.703333333333333 0.296666666666667
0.726666666666667 0.273333333333333
0.713333333333333 0.286666666666667
0.743333333333333 0.256666666666667
0.44 0.56
0.59 0.41
0.61 0.39
0.753333333333333 0.246666666666667
0.713333333333333 0.286666666666667
0.673333333333333 0.326666666666667
0.636666666666667 0.363333333333333
0.796666666666667 0.203333333333333
0.693333333333333 0.306666666666667
0.593333333333333 0.406666666666667
0.633333333333333 0.366666666666667
0.576666666666667 0.423333333333333
0.706666666666667 0.293333333333333
0.736666666666667 0.263333333333333
0.563333333333333 0.436666666666667
0.573333333333333 0.426666666666667
0.683333333333333 0.316666666666667
0.783333333333333 0.216666666666667
0.516666666666667 0.483333333333333
0.346666666666667 0.653333333333333
0.303333333333333 0.696666666666667
0.423333333333333 0.576666666666667
0.6 0.4
0.616666666666667 0.383333333333333
0.65 0.35
0.693333333333333 0.306666666666667
0.383333333333333 0.616666666666667
0.31 0.69
0.453333333333333 0.546666666666667
0.74 0.26
0.42 0.58
0.556666666666667 0.443333333333333
0.59 0.41
0.53 0.47
0.18 0.82
0.42 0.58
0.48 0.52
0.633333333333333 0.366666666666667
0.62 0.38
0.473333333333333 0.526666666666667
0.573333333333333 0.426666666666667
0.616666666666667 0.383333333333333
0.593333333333333 0.406666666666667
0.45 0.55
0.413333333333333 0.586666666666667
0.506666666666667 0.493333333333333
0.326666666666667 0.673333333333333
0.563333333333333 0.436666666666667
0.393333333333333 0.606666666666667
0.696666666666667 0.303333333333333
0.286666666666667 0.713333333333333
0.48 0.52
0.673333333333333 0.326666666666667
0.25 0.75
0.483333333333333 0.516666666666667
0.606666666666667 0.393333333333333
0.493333333333333 0.506666666666667
0.673333333333333 0.326666666666667
0.686666666666667 0.313333333333333
0.116666666666667 0.883333333333333
0.426666666666667 0.573333333333333
0.34 0.66
0.393333333333333 0.606666666666667
0.49 0.51
0.606666666666667 0.393333333333333
0.823333333333333 0.176666666666667
0.686666666666667 0.313333333333333
0.56 0.44
0.54 0.46
0.61 0.39
0.57 0.43
0.636666666666667 0.363333333333333
0.606666666666667 0.393333333333333
0.586666666666667 0.413333333333333
0.653333333333333 0.346666666666667
0.626666666666667 0.373333333333333
0.426666666666667 0.573333333333333
0.693333333333333 0.306666666666667
0.67 0.33
0.526666666666667 0.473333333333333
0.683333333333333 0.316666666666667
0.683333333333333 0.316666666666667
0.346666666666667 0.653333333333333
0.75 0.25
0.63 0.37
0.383333333333333 0.616666666666667
0.563333333333333 0.436666666666667
0.293333333333333 0.706666666666667
0.433333333333333 0.566666666666667
0.29 0.71
0.576666666666667 0.423333333333333
0.506666666666667 0.493333333333333
0.603333333333333 0.396666666666667
0.646666666666667 0.353333333333333
0.29 0.71
0.513333333333333 0.486666666666667
0.5 0.5
0.48 0.52
0.573333333333333 0.426666666666667
0.543333333333333 0.456666666666667
0.36 0.64
0.313333333333333 0.686666666666667
0.416666666666667 0.583333333333333
0.593333333333333 0.406666666666667
0.506666666666667 0.493333333333333
0.66 0.34
0.453333333333333 0.546666666666667
0.413333333333333 0.586666666666667
0.42 0.58
0.413333333333333 0.586666666666667
0.443333333333333 0.556666666666667
0.533333333333333 0.466666666666667
0.69 0.31
0.536666666666667 0.463333333333333
0.763333333333333 0.236666666666667
0.596666666666667 0.403333333333333
0.466666666666667 0.533333333333333
0.336666666666667 0.663333333333333
0.626666666666667 0.373333333333333
0.463333333333333 0.536666666666667
0.516666666666667 0.483333333333333
0.736666666666667 0.263333333333333
0.533333333333333 0.466666666666667
0.716666666666667 0.283333333333333
0.77 0.23
0.476666666666667 0.523333333333333
0.503333333333333 0.496666666666667
0.66 0.34
0.553333333333333 0.446666666666667
0.753333333333333 0.246666666666667
0.73 0.27
0.736666666666667 0.263333333333333
0.743333333333333 0.256666666666667
0.54 0.46
0.716666666666667 0.283333333333333
0.72 0.28
0.646666666666667 0.353333333333333
0.62 0.38
0.673333333333333 0.326666666666667
0.613333333333333 0.386666666666667
0.663333333333333 0.336666666666667
0.72 0.28
0.56 0.44
0.536666666666667 0.463333333333333
0.703333333333333 0.296666666666667
0.513333333333333 0.486666666666667
0.47 0.53
0.673333333333333 0.326666666666667
0.626666666666667 0.373333333333333
0.653333333333333 0.346666666666667
0.503333333333333 0.496666666666667
0.503333333333333 0.496666666666667
0.576666666666667 0.423333333333333
0.643333333333333 0.356666666666667
0.683333333333333 0.316666666666667
0.276666666666667 0.723333333333333
0.643333333333333 0.356666666666667
0.636666666666667 0.363333333333333
0.69 0.31
0.263333333333333 0.736666666666667
0.226666666666667 0.773333333333333
0.81 0.19
0.57 0.43
0.583333333333333 0.416666666666667
0.746666666666667 0.253333333333333
0.733333333333333 0.266666666666667
0.656666666666667 0.343333333333333
0.593333333333333 0.406666666666667
0.573333333333333 0.426666666666667
0.593333333333333 0.406666666666667
0.65 0.35
0.663333333333333 0.336666666666667
0.506666666666667 0.493333333333333
0.653333333333333 0.346666666666667
0.64 0.36
0.523333333333333 0.476666666666667
0.52 0.48
0.703333333333333 0.296666666666667
0.703333333333333 0.296666666666667
0.69 0.31
0.71 0.29
0.463333333333333 0.536666666666667
0.713333333333333 0.286666666666667
0.526666666666667 0.473333333333333
0.43 0.57
0.533333333333333 0.466666666666667
0.603333333333333 0.396666666666667
0.676666666666667 0.323333333333333
0.69 0.31
0.45 0.55
0.653333333333333 0.346666666666667
0.59 0.41
0.61 0.39
0.746666666666667 0.253333333333333
0.566666666666667 0.433333333333333
0.76 0.24
0.66 0.34
0.776666666666667 0.223333333333333
0.606666666666667 0.393333333333333
0.846666666666667 0.153333333333333
0.79 0.21
0.72 0.28
0.613333333333333 0.386666666666667
0.463333333333333 0.536666666666667
0.706666666666667 0.293333333333333
0.673333333333333 0.326666666666667
0.52 0.48
0.736666666666667 0.263333333333333
0.673333333333333 0.326666666666667
0.796666666666667 0.203333333333333
0.593333333333333 0.406666666666667
0.59 0.41
0.593333333333333 0.406666666666667
0.816666666666667 0.183333333333333
0.843333333333333 0.156666666666667
0.816666666666667 0.183333333333333
0.59 0.41
0.706666666666667 0.293333333333333
0.58 0.42
0.643333333333333 0.356666666666667
0.603333333333333 0.396666666666667
0.616666666666667 0.383333333333333
0.616666666666667 0.383333333333333
0.706666666666667 0.293333333333333
0.56 0.44
0.273333333333333 0.726666666666667
0.77 0.23
0.743333333333333 0.256666666666667
0.646666666666667 0.353333333333333
0.763333333333333 0.236666666666667
0.696666666666667 0.303333333333333
0.69 0.31
0.576666666666667 0.423333333333333
0.796666666666667 0.203333333333333
0.78 0.22
0.766666666666667 0.233333333333333
0.793333333333333 0.206666666666667
0.756666666666667 0.243333333333333
0.713333333333333 0.286666666666667
0.783333333333333 0.216666666666667
0.786666666666667 0.213333333333333
0.696666666666667 0.303333333333333
0.703333333333333 0.296666666666667
0.82 0.18
0.61 0.39
0.74 0.26
0.516666666666667 0.483333333333333
0.426666666666667 0.573333333333333
0.646666666666667 0.353333333333333
0.71 0.29
0.643333333333333 0.356666666666667
0.696666666666667 0.303333333333333
0.613333333333333 0.386666666666667
0.593333333333333 0.406666666666667
0.443333333333333 0.556666666666667
0.793333333333333 0.206666666666667
0.673333333333333 0.326666666666667
0.646666666666667 0.353333333333333
0.37 0.63
0.756666666666667 0.243333333333333
0.736666666666667 0.263333333333333
0.796666666666667 0.203333333333333
0.67 0.33
0.633333333333333 0.366666666666667
0.726666666666667 0.273333333333333
0.766666666666667 0.233333333333333
0.77 0.23
0.73 0.27
0.783333333333333 0.216666666666667
0.726666666666667 0.273333333333333
0.673333333333333 0.326666666666667
0.703333333333333 0.296666666666667
0.593333333333333 0.406666666666667
0.54 0.46
0.52 0.48
0.57 0.43
0.81 0.19
0.8 0.2
0.65 0.35
0.766666666666667 0.233333333333333
0.773333333333333 0.226666666666667
0.663333333333333 0.336666666666667
0.57 0.43
0.686666666666667 0.313333333333333
0.673333333333333 0.326666666666667
0.69 0.31
0.623333333333333 0.376666666666667
0.843333333333333 0.156666666666667
0.723333333333333 0.276666666666667
0.693333333333333 0.306666666666667
0.763333333333333 0.236666666666667
0.803333333333333 0.196666666666667
0.713333333333333 0.286666666666667
0.806666666666667 0.193333333333333
0.756666666666667 0.243333333333333
0.783333333333333 0.216666666666667
0.743333333333333 0.256666666666667
0.78 0.22
0.69 0.31
0.723333333333333 0.276666666666667
0.596666666666667 0.403333333333333
0.35 0.65
0.876666666666667 0.123333333333333
0.77 0.23
0.75 0.25
0.286666666666667 0.713333333333333
0.77 0.23
0.606666666666667 0.393333333333333
0.626666666666667 0.373333333333333
0.8 0.2
0.53 0.47
0.356666666666667 0.643333333333333
0.863333333333333 0.136666666666667
0.576666666666667 0.423333333333333
0.276666666666667 0.723333333333333
0.72 0.28
0.386666666666667 0.613333333333333
0.563333333333333 0.436666666666667
0.546666666666667 0.453333333333333
0.323333333333333 0.676666666666667
0.843333333333333 0.156666666666667
0.63 0.37
0.763333333333333 0.236666666666667
0.373333333333333 0.626666666666667
0.6 0.4
0.55 0.45
0.46 0.54
0.286666666666667 0.713333333333333
0.69 0.31
0.453333333333333 0.546666666666667
0.63 0.37
0.356666666666667 0.643333333333333
0.61 0.39
0.73 0.27
0.336666666666667 0.663333333333333
0.616666666666667 0.383333333333333
0.656666666666667 0.343333333333333
0.713333333333333 0.286666666666667
0.783333333333333 0.216666666666667
0.47 0.53
0.49 0.51
0.283333333333333 0.716666666666667
0.796666666666667 0.203333333333333
0.77 0.23
0.526666666666667 0.473333333333333
0.663333333333333 0.336666666666667
0.476666666666667 0.523333333333333
0.48 0.52
0.286666666666667 0.713333333333333
0.596666666666667 0.403333333333333
0.276666666666667 0.723333333333333
0.696666666666667 0.303333333333333
0.536666666666667 0.463333333333333
0.383333333333333 0.616666666666667
0.496666666666667 0.503333333333333
0.52 0.48
0.563333333333333 0.436666666666667
0.446666666666667 0.553333333333333
0.713333333333333 0.286666666666667
0.463333333333333 0.536666666666667
0.39 0.61
0.68 0.32
0.49 0.51
0.43 0.57
0.533333333333333 0.466666666666667
0.543333333333333 0.456666666666667
0.523333333333333 0.476666666666667
0.366666666666667 0.633333333333333
0.703333333333333 0.296666666666667
0.78 0.22
0.76 0.24
0.396666666666667 0.603333333333333
0.733333333333333 0.266666666666667
0.62 0.38
0.716666666666667 0.283333333333333
0.71 0.29
0.603333333333333 0.396666666666667
0.38 0.62
0.743333333333333 0.256666666666667
0.316666666666667 0.683333333333333
0.83 0.17
0.76 0.24
0.503333333333333 0.496666666666667
0.526666666666667 0.473333333333333
0.76 0.24
0.84 0.16
0.243333333333333 0.756666666666667
0.293333333333333 0.706666666666667
0.65 0.35
0.656666666666667 0.343333333333333
0.586666666666667 0.413333333333333
0.473333333333333 0.526666666666667
0.61 0.39
0.763333333333333 0.236666666666667
0.78 0.22
0.846666666666667 0.153333333333333
0.62 0.38
0.7 0.3
0.433333333333333 0.566666666666667
0.48 0.52
0.7 0.3
0.78 0.22
0.476666666666667 0.523333333333333
0.59 0.41
0.476666666666667 0.523333333333333
0.62 0.38
0.426666666666667 0.573333333333333
0.39 0.61
0.426666666666667 0.573333333333333
0.326666666666667 0.673333333333333
0.253333333333333 0.746666666666667
0.423333333333333 0.576666666666667
0.453333333333333 0.546666666666667
0.613333333333333 0.386666666666667
0.463333333333333 0.536666666666667
0.37 0.63
0.58 0.42
0.503333333333333 0.496666666666667
0.766666666666667 0.233333333333333
0.28 0.72
0.64 0.36
0.343333333333333 0.656666666666667
0.38 0.62
0.403333333333333 0.596666666666667
0.413333333333333 0.586666666666667
0.433333333333333 0.566666666666667
0.576666666666667 0.423333333333333
0.64 0.36
0.52 0.48
0.49 0.51
0.543333333333333 0.456666666666667
0.293333333333333 0.706666666666667
0.233333333333333 0.766666666666667
0.356666666666667 0.643333333333333
0.41 0.59
0.213333333333333 0.786666666666667
0.73 0.27
0.61 0.39
0.336666666666667 0.663333333333333
0.233333333333333 0.766666666666667
0.343333333333333 0.656666666666667
0.503333333333333 0.496666666666667
0.43 0.57
0.75 0.25
0.713333333333333 0.286666666666667
0.756666666666667 0.243333333333333
0.763333333333333 0.236666666666667
0.68 0.32
0.763333333333333 0.236666666666667
0.79 0.21
0.81 0.19
0.79 0.21
0.62 0.38
0.673333333333333 0.326666666666667
0.706666666666667 0.293333333333333
0.766666666666667 0.233333333333333
0.84 0.16
0.676666666666667 0.323333333333333
0.713333333333333 0.286666666666667
0.67 0.33
0.533333333333333 0.466666666666667
0.546666666666667 0.453333333333333
0.636666666666667 0.363333333333333
0.74 0.26
0.726666666666667 0.273333333333333
0.81 0.19
0.88 0.12
0.736666666666667 0.263333333333333
0.82 0.18
0.603333333333333 0.396666666666667
0.7 0.3
0.74 0.26
0.766666666666667 0.233333333333333
0.79 0.21
0.62 0.38
0.69 0.31
0.766666666666667 0.233333333333333
0.62 0.38
0.533333333333333 0.466666666666667
0.25 0.75
0.416666666666667 0.583333333333333
0.833333333333333 0.166666666666667
0.63 0.37
0.836666666666667 0.163333333333333
0.833333333333333 0.166666666666667
0.703333333333333 0.296666666666667
0.75 0.25
0.646666666666667 0.353333333333333
0.756666666666667 0.243333333333333
0.79 0.21
0.683333333333333 0.316666666666667
0.646666666666667 0.353333333333333
0.936666666666667 0.0633333333333333
0.763333333333333 0.236666666666667
0.756666666666667 0.243333333333333
0.623333333333333 0.376666666666667
0.526666666666667 0.473333333333333
0.71 0.29
0.593333333333333 0.406666666666667
0.596666666666667 0.403333333333333
0.633333333333333 0.366666666666667
0.41 0.59
0.723333333333333 0.276666666666667
0.66 0.34
0.793333333333333 0.206666666666667
0.683333333333333 0.316666666666667
0.65 0.35
0.68 0.32
0.72 0.28
0.72 0.28
0.61 0.39
0.77 0.23
0.52 0.48
0.83 0.17
0.573333333333333 0.426666666666667
0.68 0.32
0.773333333333333 0.226666666666667
0.543333333333333 0.456666666666667
0.746666666666667 0.253333333333333
0.67 0.33
0.783333333333333 0.216666666666667
0.786666666666667 0.213333333333333
0.7 0.3
0.796666666666667 0.203333333333333
0.56 0.44
0.703333333333333 0.296666666666667
0.483333333333333 0.516666666666667
0.72 0.28
0.706666666666667 0.293333333333333
0.87 0.13
0.773333333333333 0.226666666666667
0.776666666666667 0.223333333333333
0.636666666666667 0.363333333333333
0.69 0.31
0.74 0.26
0.82 0.18
0.733333333333333 0.266666666666667
0.53 0.47
0.703333333333333 0.296666666666667
0.703333333333333 0.296666666666667
0.816666666666667 0.183333333333333
0.796666666666667 0.203333333333333
0.713333333333333 0.286666666666667
0.7 0.3
0.86 0.14
0.673333333333333 0.326666666666667
0.776666666666667 0.223333333333333
0.61 0.39
0.64 0.36
0.606666666666667 0.393333333333333
0.746666666666667 0.253333333333333
0.676666666666667 0.323333333333333
0.603333333333333 0.396666666666667
0.863333333333333 0.136666666666667
0.8 0.2
0.8 0.2
0.816666666666667 0.183333333333333
0.706666666666667 0.293333333333333
0.616666666666667 0.383333333333333
0.66 0.34
0.75 0.25
0.62 0.38
0.783333333333333 0.216666666666667
0.576666666666667 0.423333333333333
0.486666666666667 0.513333333333333
0.873333333333333 0.126666666666667
0.58 0.42
0.38 0.62
0.616666666666667 0.383333333333333
0.7 0.3
0.683333333333333 0.316666666666667
0.573333333333333 0.426666666666667
0.813333333333333 0.186666666666667
0.573333333333333 0.426666666666667
0.653333333333333 0.346666666666667
0.65 0.35
0.696666666666667 0.303333333333333
0.8 0.2
0.836666666666667 0.163333333333333
0.616666666666667 0.383333333333333
0.67 0.33
0.846666666666667 0.153333333333333
0.683333333333333 0.316666666666667
0.823333333333333 0.176666666666667
0.776666666666667 0.223333333333333
0.75 0.25
0.74 0.26
0.766666666666667 0.233333333333333
0.806666666666667 0.193333333333333
0.743333333333333 0.256666666666667
0.77 0.23
0.683333333333333 0.316666666666667
0.78 0.22
0.633333333333333 0.366666666666667
0.79 0.21
0.686666666666667 0.313333333333333
0.776666666666667 0.223333333333333
0.746666666666667 0.253333333333333
0.836666666666667 0.163333333333333
0.633333333333333 0.366666666666667
0.806666666666667 0.193333333333333
0.676666666666667 0.323333333333333
0.626666666666667 0.373333333333333
0.603333333333333 0.396666666666667
0.723333333333333 0.276666666666667
0.66 0.34
0.653333333333333 0.346666666666667
0.78 0.22
0.75 0.25
0.76 0.24
0.7 0.3
0.453333333333333 0.546666666666667
0.76 0.24
0.733333333333333 0.266666666666667
0.763333333333333 0.236666666666667
0.7 0.3
0.763333333333333 0.236666666666667
0.816666666666667 0.183333333333333
0.763333333333333 0.236666666666667
0.593333333333333 0.406666666666667
0.406666666666667 0.593333333333333
0.71 0.29
0.673333333333333 0.326666666666667
0.663333333333333 0.336666666666667
0.556666666666667 0.443333333333333
0.39 0.61
0.5 0.5
0.646666666666667 0.353333333333333
0.35 0.65
0.723333333333333 0.276666666666667
0.763333333333333 0.236666666666667
0.49 0.51
0.753333333333333 0.246666666666667
0.83 0.17
0.83 0.17
0.863333333333333 0.136666666666667
0.746666666666667 0.253333333333333
0.603333333333333 0.396666666666667
0.65 0.35
0.5 0.5
0.663333333333333 0.336666666666667
0.393333333333333 0.606666666666667
0.733333333333333 0.266666666666667
0.406666666666667 0.593333333333333
0.62 0.38
0.696666666666667 0.303333333333333
0.51 0.49
0.533333333333333 0.466666666666667
0.776666666666667 0.223333333333333
0.496666666666667 0.503333333333333
0.82 0.18
0.67 0.33
0.733333333333333 0.266666666666667
0.816666666666667 0.183333333333333
0.793333333333333 0.206666666666667
0.643333333333333 0.356666666666667
0.713333333333333 0.286666666666667
0.643333333333333 0.356666666666667
0.59 0.41
0.696666666666667 0.303333333333333
0.533333333333333 0.466666666666667
0.703333333333333 0.296666666666667
0.716666666666667 0.283333333333333
0.656666666666667 0.343333333333333
0.69 0.31
0.7 0.3
0.536666666666667 0.463333333333333
0.463333333333333 0.536666666666667
0.76 0.24
0.8 0.2
0.66 0.34
0.513333333333333 0.486666666666667
0.76 0.24
0.403333333333333 0.596666666666667
0.35 0.65
0.6 0.4
0.656666666666667 0.343333333333333
0.376666666666667 0.623333333333333
0.683333333333333 0.316666666666667
0.53 0.47
0.616666666666667 0.383333333333333
0.74 0.26
0.216666666666667 0.783333333333333
0.686666666666667 0.313333333333333
0.636666666666667 0.363333333333333
0.646666666666667 0.353333333333333
0.46 0.54
0.723333333333333 0.276666666666667
0.446666666666667 0.553333333333333
0.416666666666667 0.583333333333333
0.236666666666667 0.763333333333333
0.326666666666667 0.673333333333333
0.66 0.34
0.523333333333333 0.476666666666667
0.58 0.42
0.586666666666667 0.413333333333333
0.413333333333333 0.586666666666667
0.586666666666667 0.413333333333333
0.45 0.55
0.443333333333333 0.556666666666667
0.47 0.53
0.68 0.32
0.52 0.48
0.593333333333333 0.406666666666667
0.68 0.32
0.14 0.86
0.81 0.19
0.6 0.4
0.59 0.41
0.786666666666667 0.213333333333333
0.503333333333333 0.496666666666667
0.443333333333333 0.556666666666667
0.66 0.34
0.386666666666667 0.613333333333333
0.32 0.68
0.4 0.6
0.74 0.26
0.293333333333333 0.706666666666667
0.71 0.29
0.6 0.4
0.526666666666667 0.473333333333333
0.383333333333333 0.616666666666667
0.203333333333333 0.796666666666667
0.5 0.5
0.54 0.46
0.656666666666667 0.343333333333333
0.553333333333333 0.446666666666667
0.296666666666667 0.703333333333333
0.536666666666667 0.463333333333333
0.61 0.39
0.633333333333333 0.366666666666667
0.78 0.22
0.506666666666667 0.493333333333333
0.69 0.31
0.433333333333333 0.566666666666667
0.74 0.26
0.66 0.34
0.213333333333333 0.786666666666667
0.613333333333333 0.386666666666667
0.68 0.32
0.656666666666667 0.343333333333333
0.253333333333333 0.746666666666667
0.246666666666667 0.753333333333333
0.623333333333333 0.376666666666667
0.723333333333333 0.276666666666667
0.623333333333333 0.376666666666667
0.326666666666667 0.673333333333333
0.613333333333333 0.386666666666667
0.643333333333333 0.356666666666667
0.646666666666667 0.353333333333333
0.453333333333333 0.546666666666667
0.47 0.53
0.616666666666667 0.383333333333333
0.416666666666667 0.583333333333333
0.256666666666667 0.743333333333333
0.643333333333333 0.356666666666667
0.653333333333333 0.346666666666667
0.62 0.38
0.77 0.23
0.676666666666667 0.323333333333333
0.563333333333333 0.436666666666667
0.696666666666667 0.303333333333333
0.35 0.65
0.473333333333333 0.526666666666667
0.703333333333333 0.296666666666667
0.323333333333333 0.676666666666667
0.473333333333333 0.526666666666667
0.273333333333333 0.726666666666667
0.686666666666667 0.313333333333333
0.603333333333333 0.396666666666667
0.516666666666667 0.483333333333333
0.576666666666667 0.423333333333333
0.53 0.47
0.483333333333333 0.516666666666667
0.636666666666667 0.363333333333333
0.52 0.48
0.64 0.36
0.67 0.33
0.803333333333333 0.196666666666667
0.733333333333333 0.266666666666667
0.693333333333333 0.306666666666667
0.75 0.25
0.57 0.43
0.496666666666667 0.503333333333333
0.49 0.51
0.556666666666667 0.443333333333333
0.743333333333333 0.256666666666667
0.5 0.5
0.286666666666667 0.713333333333333
0.846666666666667 0.153333333333333
0.686666666666667 0.313333333333333
0.373333333333333 0.626666666666667
0.483333333333333 0.516666666666667
0.293333333333333 0.706666666666667
0.38 0.62
0.61 0.39
0.573333333333333 0.426666666666667
0.6 0.4
0.62 0.38
0.446666666666667 0.553333333333333
0.51 0.49
0.453333333333333 0.546666666666667
0.793333333333333 0.206666666666667
0.58 0.42
0.616666666666667 0.383333333333333
0.383333333333333 0.616666666666667
0.69 0.31
0.773333333333333 0.226666666666667
0.576666666666667 0.423333333333333
0.556666666666667 0.443333333333333
0.183333333333333 0.816666666666667
0.406666666666667 0.593333333333333
0.706666666666667 0.293333333333333
0.326666666666667 0.673333333333333
0.45 0.55
0.313333333333333 0.686666666666667
0.426666666666667 0.573333333333333
0.473333333333333 0.526666666666667
0.7 0.3
0.6 0.4
0.75 0.25
0.7 0.3
0.786666666666667 0.213333333333333
0.743333333333333 0.256666666666667
0.753333333333333 0.246666666666667
0.666666666666667 0.333333333333333
0.413333333333333 0.586666666666667
0.863333333333333 0.136666666666667
0.746666666666667 0.253333333333333
0.693333333333333 0.306666666666667
0.52 0.48
0.556666666666667 0.443333333333333
0.756666666666667 0.243333333333333
0.546666666666667 0.453333333333333
0.78 0.22
0.563333333333333 0.436666666666667
0.573333333333333 0.426666666666667
0.656666666666667 0.343333333333333
0.523333333333333 0.476666666666667
0.556666666666667 0.443333333333333
0.586666666666667 0.413333333333333
0.546666666666667 0.453333333333333
0.72 0.28
0.513333333333333 0.486666666666667
0.696666666666667 0.303333333333333
0.653333333333333 0.346666666666667
0.656666666666667 0.343333333333333
0.716666666666667 0.283333333333333
0.683333333333333 0.316666666666667
0.78 0.22
0.756666666666667 0.243333333333333
0.686666666666667 0.313333333333333
0.873333333333333 0.126666666666667
0.773333333333333 0.226666666666667
0.643333333333333 0.356666666666667
0.42 0.58
0.613333333333333 0.386666666666667
0.706666666666667 0.293333333333333
0.723333333333333 0.276666666666667
0.743333333333333 0.256666666666667
0.64 0.36
0.613333333333333 0.386666666666667
0.786666666666667 0.213333333333333
0.623333333333333 0.376666666666667
0.65 0.35
0.46 0.54
0.726666666666667 0.273333333333333
0.336666666666667 0.663333333333333
0.74 0.26
0.693333333333333 0.306666666666667
0.673333333333333 0.326666666666667
0.576666666666667 0.423333333333333
0.503333333333333 0.496666666666667
0.676666666666667 0.323333333333333
0.663333333333333 0.336666666666667
0.733333333333333 0.266666666666667
0.603333333333333 0.396666666666667
0.66 0.34
0.61 0.39
0.796666666666667 0.203333333333333
0.646666666666667 0.353333333333333
0.78 0.22
0.503333333333333 0.496666666666667
0.74 0.26
0.713333333333333 0.286666666666667
0.813333333333333 0.186666666666667
0.43 0.57
0.536666666666667 0.463333333333333
0.756666666666667 0.243333333333333
0.423333333333333 0.576666666666667
0.706666666666667 0.293333333333333
0.343333333333333 0.656666666666667
0.603333333333333 0.396666666666667
0.546666666666667 0.453333333333333
0.74 0.26
0.666666666666667 0.333333333333333
0.796666666666667 0.203333333333333
0.743333333333333 0.256666666666667
0.82 0.18
0.636666666666667 0.363333333333333
0.763333333333333 0.236666666666667
0.9 0.1
0.636666666666667 0.363333333333333
0.71 0.29
0.74 0.26
0.713333333333333 0.286666666666667
0.726666666666667 0.273333333333333
0.626666666666667 0.373333333333333
0.63 0.37
0.61 0.39
0.753333333333333 0.246666666666667
0.693333333333333 0.306666666666667
0.803333333333333 0.196666666666667
0.783333333333333 0.216666666666667
0.823333333333333 0.176666666666667
0.79 0.21
0.68 0.32
0.703333333333333 0.296666666666667
0.6 0.4
0.663333333333333 0.336666666666667
0.713333333333333 0.286666666666667
0.53 0.47
0.72 0.28
0.82 0.18
0.44 0.56
0.606666666666667 0.393333333333333
0.59 0.41
0.676666666666667 0.323333333333333
0.61 0.39
0.773333333333333 0.226666666666667
0.683333333333333 0.316666666666667
0.723333333333333 0.276666666666667
0.623333333333333 0.376666666666667
0.38 0.62
0.51 0.49
0.33 0.67
0.543333333333333 0.456666666666667
0.786666666666667 0.213333333333333
0.733333333333333 0.266666666666667
0.423333333333333 0.576666666666667
0.536666666666667 0.463333333333333
0.593333333333333 0.406666666666667
0.713333333333333 0.286666666666667
0.586666666666667 0.413333333333333
0.71 0.29
0.506666666666667 0.493333333333333
0.55 0.45
0.626666666666667 0.373333333333333
0.72 0.28
0.76 0.24
0.72 0.28
0.593333333333333 0.406666666666667
0.73 0.27
0.75 0.25
0.766666666666667 0.233333333333333
0.383333333333333 0.616666666666667
0.83 0.17
0.573333333333333 0.426666666666667
0.74 0.26
0.64 0.36
0.753333333333333 0.246666666666667
0.486666666666667 0.513333333333333
0.576666666666667 0.423333333333333
0.673333333333333 0.326666666666667
0.84 0.16
0.82 0.18
0.7 0.3
0.626666666666667 0.373333333333333
0.62 0.38
0.5 0.5
0.686666666666667 0.313333333333333
0.746666666666667 0.253333333333333
0.463333333333333 0.536666666666667
0.336666666666667 0.663333333333333
0.633333333333333 0.366666666666667
0.77 0.23
0.8 0.2
0.823333333333333 0.176666666666667
0.713333333333333 0.286666666666667
0.533333333333333 0.466666666666667
0.723333333333333 0.276666666666667
0.57 0.43
0.69 0.31
0.583333333333333 0.416666666666667
0.683333333333333 0.316666666666667
0.833333333333333 0.166666666666667
0.516666666666667 0.483333333333333
0.71 0.29
0.833333333333333 0.166666666666667
0.576666666666667 0.423333333333333
0.443333333333333 0.556666666666667
0.283333333333333 0.716666666666667
0.573333333333333 0.426666666666667
0.586666666666667 0.413333333333333
0.566666666666667 0.433333333333333
0.74 0.26
0.683333333333333 0.316666666666667
0.643333333333333 0.356666666666667
0.523333333333333 0.476666666666667
0.56 0.44
0.6 0.4
0.58 0.42
0.676666666666667 0.323333333333333
0.6 0.4
0.696666666666667 0.303333333333333
0.513333333333333 0.486666666666667
0.773333333333333 0.226666666666667
0.77 0.23
0.62 0.38
0.676666666666667 0.323333333333333
0.556666666666667 0.443333333333333
0.73 0.27
0.513333333333333 0.486666666666667
0.563333333333333 0.436666666666667
0.64 0.36
0.626666666666667 0.373333333333333
0.786666666666667 0.213333333333333
0.506666666666667 0.493333333333333
0.673333333333333 0.326666666666667
0.53 0.47
0.71 0.29
0.713333333333333 0.286666666666667
0.78 0.22
0.56 0.44
0.73 0.27
0.626666666666667 0.373333333333333
0.553333333333333 0.446666666666667
0.59 0.41
0.32 0.68
0.596666666666667 0.403333333333333
0.506666666666667 0.493333333333333
0.796666666666667 0.203333333333333
0.666666666666667 0.333333333333333
0.796666666666667 0.203333333333333
0.706666666666667 0.293333333333333
0.576666666666667 0.423333333333333
0.776666666666667 0.223333333333333
0.353333333333333 0.646666666666667
0.656666666666667 0.343333333333333
0.696666666666667 0.303333333333333
0.59 0.41
0.38 0.62
0.713333333333333 0.286666666666667
0.816666666666667 0.183333333333333
0.52 0.48
0.77 0.23
0.543333333333333 0.456666666666667
0.576666666666667 0.423333333333333
0.74 0.26
0.693333333333333 0.306666666666667
0.643333333333333 0.356666666666667
0.676666666666667 0.323333333333333
0.556666666666667 0.443333333333333
0.713333333333333 0.286666666666667
0.676666666666667 0.323333333333333
0.616666666666667 0.383333333333333
0.58 0.42
0.756666666666667 0.243333333333333
0.316666666666667 0.683333333333333
0.62 0.38
0.583333333333333 0.416666666666667
0.813333333333333 0.186666666666667
0.456666666666667 0.543333333333333
0.623333333333333 0.376666666666667
0.753333333333333 0.246666666666667
0.333333333333333 0.666666666666667
0.563333333333333 0.436666666666667
0.636666666666667 0.363333333333333
0.59 0.41
0.156666666666667 0.843333333333333
0.58 0.42
0.22 0.78
0.606666666666667 0.393333333333333
0.193333333333333 0.806666666666667
0.313333333333333 0.686666666666667
0.366666666666667 0.633333333333333
0.49 0.51
0.506666666666667 0.493333333333333
0.24 0.76
0.33 0.67
0.47 0.53
0.44 0.56
0.17 0.83
0.423333333333333 0.576666666666667
0.336666666666667 0.663333333333333
0.546666666666667 0.453333333333333
0.76 0.24
0.496666666666667 0.503333333333333
0.453333333333333 0.546666666666667
0.413333333333333 0.586666666666667
0.526666666666667 0.473333333333333
0.666666666666667 0.333333333333333
0.506666666666667 0.493333333333333
0.296666666666667 0.703333333333333
0.403333333333333 0.596666666666667
0.476666666666667 0.523333333333333
0.653333333333333 0.346666666666667
0.156666666666667 0.843333333333333
0.426666666666667 0.573333333333333
0.303333333333333 0.696666666666667
0.54 0.46
0.36 0.64
0.46 0.54
0.726666666666667 0.273333333333333
0.55 0.45
0.45 0.55
0.683333333333333 0.316666666666667
0.666666666666667 0.333333333333333
0.546666666666667 0.453333333333333
0.596666666666667 0.403333333333333
0.326666666666667 0.673333333333333
0.44 0.56
0.313333333333333 0.686666666666667
0.643333333333333 0.356666666666667
0.19 0.81
0.37 0.63
0.27 0.73
0.656666666666667 0.343333333333333
0.336666666666667 0.663333333333333
0.33 0.67
0.71 0.29
0.873333333333333 0.126666666666667
0.8 0.2
0.383333333333333 0.616666666666667
0.346666666666667 0.653333333333333
0.29 0.71
0.513333333333333 0.486666666666667
0.806666666666667 0.193333333333333
0.233333333333333 0.766666666666667
0.49 0.51
0.34 0.66
0.433333333333333 0.566666666666667
0.22 0.78
0.643333333333333 0.356666666666667
0.306666666666667 0.693333333333333
0.393333333333333 0.606666666666667
0.723333333333333 0.276666666666667
0.573333333333333 0.426666666666667
0.626666666666667 0.373333333333333
0.546666666666667 0.453333333333333
0.736666666666667 0.263333333333333
0.57 0.43
0.57 0.43
0.383333333333333 0.616666666666667
0.363333333333333 0.636666666666667
0.813333333333333 0.186666666666667
0.206666666666667 0.793333333333333
0.473333333333333 0.526666666666667
0.636666666666667 0.363333333333333
0.443333333333333 0.556666666666667
0.27 0.73
0.593333333333333 0.406666666666667
0.496666666666667 0.503333333333333
0.546666666666667 0.453333333333333
0.45 0.55
0.496666666666667 0.503333333333333
0.26 0.74
0.62 0.38
0.503333333333333 0.496666666666667
0.32 0.68
0.713333333333333 0.286666666666667
0.683333333333333 0.316666666666667
0.716666666666667 0.283333333333333
0.41 0.59
0.466666666666667 0.533333333333333
0.166666666666667 0.833333333333333
0.523333333333333 0.476666666666667
0.643333333333333 0.356666666666667
0.48 0.52
0.61 0.39
0.466666666666667 0.533333333333333
0.413333333333333 0.586666666666667
0.68 0.32
0.813333333333333 0.186666666666667
0.563333333333333 0.436666666666667
0.6 0.4
0.416666666666667 0.583333333333333
0.74 0.26
0.836666666666667 0.163333333333333
0.743333333333333 0.256666666666667
0.52 0.48
0.72 0.28
0.743333333333333 0.256666666666667
0.703333333333333 0.296666666666667
0.526666666666667 0.473333333333333
0.796666666666667 0.203333333333333
0.633333333333333 0.366666666666667
0.49 0.51
0.78 0.22
0.636666666666667 0.363333333333333
0.263333333333333 0.736666666666667
0.44 0.56
0.656666666666667 0.343333333333333
0.72 0.28
0.723333333333333 0.276666666666667
0.66 0.34
0.546666666666667 0.453333333333333
0.723333333333333 0.276666666666667
0.74 0.26
0.726666666666667 0.273333333333333
0.66 0.34
0.37 0.63
0.706666666666667 0.293333333333333
0.83 0.17
0.636666666666667 0.363333333333333
0.463333333333333 0.536666666666667
0.5 0.5
0.44 0.56
0.603333333333333 0.396666666666667
0.723333333333333 0.276666666666667
0.523333333333333 0.476666666666667
0.53 0.47
0.526666666666667 0.473333333333333
0.72 0.28
0.59 0.41
0.566666666666667 0.433333333333333
0.82 0.18
0.63 0.37
0.766666666666667 0.233333333333333
0.78 0.22
0.686666666666667 0.313333333333333
0.59 0.41
0.733333333333333 0.266666666666667
0.296666666666667 0.703333333333333
0.74 0.26
0.58 0.42
0.81 0.19
0.656666666666667 0.343333333333333
0.79 0.21
0.656666666666667 0.343333333333333
0.52 0.48
0.6 0.4
0.586666666666667 0.413333333333333
0.696666666666667 0.303333333333333
0.466666666666667 0.533333333333333
0.71 0.29
0.693333333333333 0.306666666666667
0.643333333333333 0.356666666666667
0.616666666666667 0.383333333333333
0.673333333333333 0.326666666666667
0.49 0.51
0.336666666666667 0.663333333333333
0.606666666666667 0.393333333333333
0.703333333333333 0.296666666666667
0.64 0.36
0.88 0.12
0.706666666666667 0.293333333333333
0.703333333333333 0.296666666666667
0.39 0.61
0.34 0.66
0.476666666666667 0.523333333333333
0.313333333333333 0.686666666666667
0.506666666666667 0.493333333333333
0.74 0.26
0.71 0.29
0.666666666666667 0.333333333333333
0.843333333333333 0.156666666666667
0.756666666666667 0.243333333333333
0.81 0.19
0.536666666666667 0.463333333333333
0.19 0.81
0.676666666666667 0.323333333333333
0.863333333333333 0.136666666666667
0.746666666666667 0.253333333333333
0.576666666666667 0.423333333333333
0.63 0.37
0.513333333333333 0.486666666666667
0.523333333333333 0.476666666666667
0.75 0.25
0.67 0.33
0.603333333333333 0.396666666666667
0.746666666666667 0.253333333333333
0.653333333333333 0.346666666666667
0.616666666666667 0.383333333333333
0.57 0.43
0.696666666666667 0.303333333333333
0.703333333333333 0.296666666666667
0.623333333333333 0.376666666666667
0.296666666666667 0.703333333333333
0.606666666666667 0.393333333333333
0.293333333333333 0.706666666666667
0.673333333333333 0.326666666666667
0.706666666666667 0.293333333333333
0.543333333333333 0.456666666666667
0.86 0.14
0.806666666666667 0.193333333333333
0.676666666666667 0.323333333333333
0.673333333333333 0.326666666666667
0.556666666666667 0.443333333333333
0.523333333333333 0.476666666666667
0.603333333333333 0.396666666666667
0.316666666666667 0.683333333333333
0.556666666666667 0.443333333333333
0.4 0.6
0.796666666666667 0.203333333333333
0.576666666666667 0.423333333333333
0.653333333333333 0.346666666666667
0.76 0.24
0.343333333333333 0.656666666666667
0.816666666666667 0.183333333333333
0.663333333333333 0.336666666666667
0.76 0.24
0.713333333333333 0.286666666666667
0.853333333333333 0.146666666666667
0.796666666666667 0.203333333333333
0.67 0.33
0.576666666666667 0.423333333333333
0.593333333333333 0.406666666666667
0.76 0.24
0.676666666666667 0.323333333333333
0.583333333333333 0.416666666666667
0.766666666666667 0.233333333333333
0.76 0.24
0.773333333333333 0.226666666666667
0.746666666666667 0.253333333333333
0.72 0.28
0.73 0.27
0.28 0.72
0.67 0.33
0.856666666666667 0.143333333333333
0.71 0.29
0.763333333333333 0.236666666666667
0.516666666666667 0.483333333333333
0.436666666666667 0.563333333333333
0.613333333333333 0.386666666666667
0.673333333333333 0.326666666666667
0.583333333333333 0.416666666666667
0.496666666666667 0.503333333333333
0.65 0.35
0.633333333333333 0.366666666666667
0.653333333333333 0.346666666666667
0.723333333333333 0.276666666666667
0.69 0.31
0.206666666666667 0.793333333333333
0.703333333333333 0.296666666666667
0.636666666666667 0.363333333333333
0.72 0.28
0.566666666666667 0.433333333333333
0.686666666666667 0.313333333333333
0.4 0.6
0.58 0.42
0.406666666666667 0.593333333333333
0.383333333333333 0.616666666666667
0.43 0.57
0.523333333333333 0.476666666666667
0.696666666666667 0.303333333333333
0.523333333333333 0.476666666666667
0.683333333333333 0.316666666666667
0.526666666666667 0.473333333333333
0.703333333333333 0.296666666666667
0.606666666666667 0.393333333333333
0.423333333333333 0.576666666666667
0.63 0.37
0.676666666666667 0.323333333333333
0.733333333333333 0.266666666666667
0.533333333333333 0.466666666666667
0.45 0.55
0.383333333333333 0.616666666666667
0.766666666666667 0.233333333333333
0.733333333333333 0.266666666666667
0.656666666666667 0.343333333333333
0.583333333333333 0.416666666666667
0.42 0.58
0.62 0.38
0.6 0.4
0.163333333333333 0.836666666666667
0.23 0.77
0.313333333333333 0.686666666666667
0.59 0.41
0.706666666666667 0.293333333333333
0.66 0.34
0.723333333333333 0.276666666666667
0.223333333333333 0.776666666666667
0.196666666666667 0.803333333333333
0.64 0.36
0.363333333333333 0.636666666666667
0.646666666666667 0.353333333333333
0.696666666666667 0.303333333333333
0.726666666666667 0.273333333333333
0.556666666666667 0.443333333333333
0.406666666666667 0.593333333333333
0.553333333333333 0.446666666666667
0.446666666666667 0.553333333333333
0.296666666666667 0.703333333333333
0.566666666666667 0.433333333333333
0.476666666666667 0.523333333333333
0.353333333333333 0.646666666666667
0.81 0.19
0.56 0.44
0.32 0.68
0.436666666666667 0.563333333333333
0.623333333333333 0.376666666666667
0.563333333333333 0.436666666666667
0.563333333333333 0.436666666666667
0.506666666666667 0.493333333333333
0.483333333333333 0.516666666666667
0.49 0.51
0.35 0.65
0.28 0.72
0.486666666666667 0.513333333333333
0.69 0.31
0.31 0.69
0.603333333333333 0.396666666666667
0.523333333333333 0.476666666666667
0.773333333333333 0.226666666666667
0.543333333333333 0.456666666666667
0.18 0.82
0.4 0.6
0.36 0.64
0.246666666666667 0.753333333333333
0.383333333333333 0.616666666666667
0.32 0.68
0.31 0.69
0.716666666666667 0.283333333333333
0.526666666666667 0.473333333333333
0.32 0.68
0.376666666666667 0.623333333333333
0.54 0.46
0.483333333333333 0.516666666666667
0.68 0.32
0.293333333333333 0.706666666666667
0.346666666666667 0.653333333333333
0.593333333333333 0.406666666666667
0.833333333333333 0.166666666666667
0.44 0.56
0.73 0.27
0.68 0.32
0.63 0.37
0.7 0.3
0.673333333333333 0.326666666666667
0.67 0.33
0.5 0.5
0.623333333333333 0.376666666666667
0.76 0.24
0.763333333333333 0.236666666666667
0.773333333333333 0.226666666666667
0.51 0.49
0.226666666666667 0.773333333333333
0.543333333333333 0.456666666666667
0.496666666666667 0.503333333333333
0.45 0.55
0.253333333333333 0.746666666666667
0.79 0.21
0.443333333333333 0.556666666666667
0.213333333333333 0.786666666666667
0.58 0.42
0.64 0.36
0.54 0.46
0.423333333333333 0.576666666666667
0.346666666666667 0.653333333333333
0.46 0.54
0.506666666666667 0.493333333333333
0.613333333333333 0.386666666666667
0.36 0.64
0.703333333333333 0.296666666666667
0.626666666666667 0.373333333333333
0.386666666666667 0.613333333333333
0.236666666666667 0.763333333333333
0.656666666666667 0.343333333333333
0.563333333333333 0.436666666666667
0.636666666666667 0.363333333333333
0.52 0.48
0.646666666666667 0.353333333333333
0.73 0.27
0.64 0.36
0.693333333333333 0.306666666666667
0.543333333333333 0.456666666666667
0.183333333333333 0.816666666666667
0.63 0.37
0.446666666666667 0.553333333333333
0.766666666666667 0.233333333333333
0.513333333333333 0.486666666666667
0.643333333333333 0.356666666666667
0.69 0.31
0.72 0.28
0.66 0.34
0.636666666666667 0.363333333333333
0.666666666666667 0.333333333333333
0.753333333333333 0.246666666666667
0.546666666666667 0.453333333333333
0.576666666666667 0.423333333333333
0.596666666666667 0.403333333333333
0.68 0.32
0.656666666666667 0.343333333333333
0.616666666666667 0.383333333333333
0.753333333333333 0.246666666666667
0.666666666666667 0.333333333333333
0.606666666666667 0.393333333333333
0.643333333333333 0.356666666666667
0.54 0.46
0.723333333333333 0.276666666666667
0.733333333333333 0.266666666666667
0.686666666666667 0.313333333333333
0.71 0.29
0.57 0.43
0.686666666666667 0.313333333333333
0.613333333333333 0.386666666666667
0.54 0.46
0.716666666666667 0.283333333333333
0.76 0.24
0.496666666666667 0.503333333333333
0.56 0.44
0.71 0.29
0.726666666666667 0.273333333333333
0.523333333333333 0.476666666666667
0.706666666666667 0.293333333333333
0.786666666666667 0.213333333333333
0.78 0.22
0.736666666666667 0.263333333333333
0.67 0.33
0.673333333333333 0.326666666666667
0.67 0.33
0.543333333333333 0.456666666666667
0.65 0.35
0.726666666666667 0.273333333333333
0.756666666666667 0.243333333333333
0.63 0.37
0.493333333333333 0.506666666666667
0.636666666666667 0.363333333333333
0.646666666666667 0.353333333333333
0.546666666666667 0.453333333333333
0.703333333333333 0.296666666666667
0.693333333333333 0.306666666666667
0.5 0.5
0.76 0.24
0.766666666666667 0.233333333333333
0.656666666666667 0.343333333333333
0.66 0.34
0.59 0.41
0.396666666666667 0.603333333333333
0.6 0.4
0.64 0.36
0.463333333333333 0.536666666666667
0.556666666666667 0.443333333333333
0.673333333333333 0.326666666666667
0.696666666666667 0.303333333333333
0.706666666666667 0.293333333333333
0.786666666666667 0.213333333333333
0.65 0.35
0.533333333333333 0.466666666666667
0.296666666666667 0.703333333333333
0.746666666666667 0.253333333333333
0.793333333333333 0.206666666666667
0.773333333333333 0.226666666666667
0.763333333333333 0.236666666666667
0.583333333333333 0.416666666666667
0.703333333333333 0.296666666666667
0.613333333333333 0.386666666666667
0.646666666666667 0.353333333333333
0.78 0.22
0.626666666666667 0.373333333333333
0.546666666666667 0.453333333333333
0.59 0.41
0.633333333333333 0.366666666666667
0.696666666666667 0.303333333333333
0.533333333333333 0.466666666666667
0.653333333333333 0.346666666666667
0.666666666666667 0.333333333333333
0.646666666666667 0.353333333333333
0.72 0.28
0.743333333333333 0.256666666666667
0.693333333333333 0.306666666666667
0.646666666666667 0.353333333333333
0.713333333333333 0.286666666666667
0.62 0.38
0.573333333333333 0.426666666666667
0.783333333333333 0.216666666666667
0.726666666666667 0.273333333333333
0.786666666666667 0.213333333333333
0.73 0.27
0.683333333333333 0.316666666666667
0.806666666666667 0.193333333333333
0.64 0.36
0.52 0.48
0.69 0.31
0.796666666666667 0.203333333333333
0.616666666666667 0.383333333333333
0.696666666666667 0.303333333333333
0.333333333333333 0.666666666666667
0.516666666666667 0.483333333333333
0.603333333333333 0.396666666666667
0.673333333333333 0.326666666666667
0.663333333333333 0.336666666666667
0.703333333333333 0.296666666666667
0.65 0.35
0.463333333333333 0.536666666666667
0.43 0.57
0.583333333333333 0.416666666666667
0.513333333333333 0.486666666666667
0.646666666666667 0.353333333333333
0.773333333333333 0.226666666666667
0.546666666666667 0.453333333333333
0.833333333333333 0.166666666666667
0.64 0.36
0.646666666666667 0.353333333333333
0.733333333333333 0.266666666666667
0.726666666666667 0.273333333333333
0.73 0.27
0.353333333333333 0.646666666666667
0.68 0.32
0.346666666666667 0.653333333333333
0.41 0.59
0.723333333333333 0.276666666666667
0.72 0.28
0.526666666666667 0.473333333333333
0.703333333333333 0.296666666666667
0.726666666666667 0.273333333333333
0.64 0.36
0.783333333333333 0.216666666666667
0.7 0.3
0.7 0.3
0.496666666666667 0.503333333333333
0.453333333333333 0.546666666666667
0.66 0.34
0.76 0.24
0.676666666666667 0.323333333333333
0.396666666666667 0.603333333333333
0.46 0.54
0.54 0.46
0.793333333333333 0.206666666666667
0.693333333333333 0.306666666666667
0.53 0.47
0.516666666666667 0.483333333333333
0.75 0.25
0.59 0.41
0.76 0.24
0.723333333333333 0.276666666666667
0.456666666666667 0.543333333333333
0.79 0.21
0.46 0.54
0.603333333333333 0.396666666666667
0.76 0.24
0.786666666666667 0.213333333333333
0.67 0.33
0.423333333333333 0.576666666666667
0.543333333333333 0.456666666666667
0.69 0.31
0.833333333333333 0.166666666666667
0.623333333333333 0.376666666666667
0.753333333333333 0.246666666666667
0.796666666666667 0.203333333333333
0.69 0.31
0.52 0.48
0.473333333333333 0.526666666666667
0.613333333333333 0.386666666666667
0.603333333333333 0.396666666666667
0.503333333333333 0.496666666666667
0.526666666666667 0.473333333333333
0.77 0.23
0.64 0.36
0.496666666666667 0.503333333333333
0.65 0.35
0.746666666666667 0.253333333333333
0.64 0.36
0.593333333333333 0.406666666666667
0.623333333333333 0.376666666666667
0.613333333333333 0.386666666666667
0.69 0.31
0.616666666666667 0.383333333333333
0.66 0.34
0.316666666666667 0.683333333333333
0.516666666666667 0.483333333333333
0.77 0.23
0.593333333333333 0.406666666666667
0.61 0.39
0.723333333333333 0.276666666666667
0.55 0.45
0.573333333333333 0.426666666666667
0.726666666666667 0.273333333333333
0.82 0.18
0.72 0.28
0.68 0.32
0.71 0.29
0.57 0.43
0.756666666666667 0.243333333333333
0.6 0.4
0.696666666666667 0.303333333333333
0.556666666666667 0.443333333333333
0.483333333333333 0.516666666666667
0.473333333333333 0.526666666666667
0.666666666666667 0.333333333333333
0.646666666666667 0.353333333333333
0.67 0.33
0.68 0.32
0.583333333333333 0.416666666666667
0.546666666666667 0.453333333333333
0.4 0.6
0.62 0.38
0.636666666666667 0.363333333333333
0.626666666666667 0.373333333333333
0.81 0.19
0.766666666666667 0.233333333333333
0.633333333333333 0.366666666666667
0.773333333333333 0.226666666666667
0.743333333333333 0.256666666666667
0.646666666666667 0.353333333333333
0.69 0.31
0.77 0.23
0.743333333333333 0.256666666666667
0.763333333333333 0.236666666666667
0.603333333333333 0.396666666666667
0.653333333333333 0.346666666666667
0.56 0.44
0.606666666666667 0.393333333333333
0.23 0.77
0.61 0.39
0.32 0.68
0.616666666666667 0.383333333333333
0.603333333333333 0.396666666666667
0.413333333333333 0.586666666666667
0.37 0.63
0.843333333333333 0.156666666666667
0.283333333333333 0.716666666666667
0.49 0.51
0.663333333333333 0.336666666666667
0.353333333333333 0.646666666666667
0.553333333333333 0.446666666666667
0.646666666666667 0.353333333333333
0.543333333333333 0.456666666666667
0.393333333333333 0.606666666666667
0.686666666666667 0.313333333333333
0.736666666666667 0.263333333333333
0.236666666666667 0.763333333333333
0.236666666666667 0.763333333333333
0.766666666666667 0.233333333333333
0.32 0.68
0.783333333333333 0.216666666666667
0.406666666666667 0.593333333333333
0.68 0.32
0.47 0.53
0.533333333333333 0.466666666666667
0.316666666666667 0.683333333333333
0.543333333333333 0.456666666666667
0.61 0.39
0.59 0.41
0.676666666666667 0.323333333333333
0.643333333333333 0.356666666666667
0.32 0.68
0.266666666666667 0.733333333333333
0.386666666666667 0.613333333333333
0.456666666666667 0.543333333333333
0.683333333333333 0.316666666666667
0.69 0.31
0.66 0.34
0.596666666666667 0.403333333333333
0.326666666666667 0.673333333333333
0.5 0.5
0.266666666666667 0.733333333333333
0.313333333333333 0.686666666666667
0.59 0.41
0.626666666666667 0.373333333333333
0.59 0.41
0.733333333333333 0.266666666666667
0.336666666666667 0.663333333333333
0.553333333333333 0.446666666666667
0.363333333333333 0.636666666666667
0.563333333333333 0.436666666666667
0.67 0.33
0.523333333333333 0.476666666666667
0.606666666666667 0.393333333333333
0.626666666666667 0.373333333333333
0.653333333333333 0.346666666666667
0.26 0.74
0.863333333333333 0.136666666666667
0.803333333333333 0.196666666666667
0.263333333333333 0.736666666666667
0.606666666666667 0.393333333333333
0.823333333333333 0.176666666666667
0.78 0.22
0.683333333333333 0.316666666666667
0.57 0.43
0.64 0.36
0.646666666666667 0.353333333333333
0.496666666666667 0.503333333333333
0.35 0.65
0.366666666666667 0.633333333333333
0.583333333333333 0.416666666666667
0.246666666666667 0.753333333333333
0.443333333333333 0.556666666666667
0.42 0.58
0.38 0.62
0.713333333333333 0.286666666666667
0.75 0.25
0.48 0.52
0.623333333333333 0.376666666666667
0.256666666666667 0.743333333333333
0.463333333333333 0.536666666666667
0.716666666666667 0.283333333333333
0.643333333333333 0.356666666666667
0.646666666666667 0.353333333333333
0.793333333333333 0.206666666666667
0.206666666666667 0.793333333333333
0.66 0.34
0.54 0.46
0.36 0.64
0.613333333333333 0.386666666666667
0.37 0.63
0.256666666666667 0.743333333333333
0.546666666666667 0.453333333333333
0.746666666666667 0.253333333333333
0.236666666666667 0.763333333333333
0.59 0.41
0.72 0.28
0.57 0.43
0.623333333333333 0.376666666666667
0.566666666666667 0.433333333333333
0.346666666666667 0.653333333333333
0.286666666666667 0.713333333333333
0.75 0.25
0.733333333333333 0.266666666666667
0.653333333333333 0.346666666666667
0.633333333333333 0.366666666666667
0.593333333333333 0.406666666666667
0.566666666666667 0.433333333333333
0.66 0.34
0.84 0.16
0.7 0.3
0.68 0.32
0.746666666666667 0.253333333333333
0.673333333333333 0.326666666666667
0.513333333333333 0.486666666666667
0.636666666666667 0.363333333333333
0.526666666666667 0.473333333333333
0.74 0.26
0.296666666666667 0.703333333333333
0.796666666666667 0.203333333333333
0.656666666666667 0.343333333333333
0.836666666666667 0.163333333333333
0.733333333333333 0.266666666666667
0.683333333333333 0.316666666666667
0.55 0.45
0.63 0.37
0.72 0.28
0.553333333333333 0.446666666666667
0.456666666666667 0.543333333333333
0.813333333333333 0.186666666666667
0.703333333333333 0.296666666666667
0.27 0.73
0.383333333333333 0.616666666666667
0.326666666666667 0.673333333333333
0.543333333333333 0.456666666666667
0.62 0.38
0.566666666666667 0.433333333333333
0.863333333333333 0.136666666666667
0.803333333333333 0.196666666666667
0.636666666666667 0.363333333333333
0.75 0.25
0.733333333333333 0.266666666666667
0.56 0.44
0.713333333333333 0.286666666666667
0.636666666666667 0.363333333333333
0.703333333333333 0.296666666666667
0.876666666666667 0.123333333333333
0.62 0.38
0.62 0.38
0.733333333333333 0.266666666666667
0.513333333333333 0.486666666666667
0.78 0.22
0.663333333333333 0.336666666666667
0.52 0.48
0.666666666666667 0.333333333333333
0.763333333333333 0.236666666666667
0.44 0.56
0.53 0.47
0.66 0.34
0.51 0.49
0.21 0.79
0.726666666666667 0.273333333333333
0.51 0.49
0.626666666666667 0.373333333333333
0.713333333333333 0.286666666666667
0.67 0.33
0.526666666666667 0.473333333333333
0.586666666666667 0.413333333333333
0.79 0.21
0.583333333333333 0.416666666666667
0.45 0.55
0.663333333333333 0.336666666666667
0.603333333333333 0.396666666666667
0.793333333333333 0.206666666666667
0.63 0.37
0.596666666666667 0.403333333333333
0.516666666666667 0.483333333333333
0.39 0.61
0.556666666666667 0.443333333333333
0.51 0.49
0.83 0.17
0.67 0.33
0.55 0.45
0.7 0.3
0.566666666666667 0.433333333333333
0.62 0.38
0.583333333333333 0.416666666666667
0.736666666666667 0.263333333333333
0.633333333333333 0.366666666666667
0.76 0.24
0.676666666666667 0.323333333333333
0.63 0.37
0.41 0.59
0.683333333333333 0.316666666666667
0.64 0.36
0.643333333333333 0.356666666666667
0.646666666666667 0.353333333333333
0.706666666666667 0.293333333333333
0.426666666666667 0.573333333333333
0.736666666666667 0.263333333333333
0.743333333333333 0.256666666666667
0.686666666666667 0.313333333333333
0.786666666666667 0.213333333333333
0.566666666666667 0.433333333333333
0.77 0.23
0.756666666666667 0.243333333333333
0.726666666666667 0.273333333333333
0.793333333333333 0.206666666666667
0.8 0.2
0.8 0.2
0.656666666666667 0.343333333333333
0.586666666666667 0.413333333333333
0.696666666666667 0.303333333333333
0.683333333333333 0.316666666666667
0.796666666666667 0.203333333333333
0.666666666666667 0.333333333333333
0.74 0.26
0.5 0.5
0.7 0.3
0.596666666666667 0.403333333333333
0.38 0.62
0.616666666666667 0.383333333333333
0.403333333333333 0.596666666666667
0.733333333333333 0.266666666666667
0.37 0.63
0.75 0.25
0.783333333333333 0.216666666666667
0.726666666666667 0.273333333333333
0.54 0.46
0.776666666666667 0.223333333333333
0.713333333333333 0.286666666666667
0.53 0.47
0.696666666666667 0.303333333333333
0.5 0.5
0.69 0.31
0.5 0.5
0.656666666666667 0.343333333333333
0.526666666666667 0.473333333333333
0.66 0.34
0.75 0.25
0.646666666666667 0.353333333333333
0.733333333333333 0.266666666666667
0.676666666666667 0.323333333333333
0.643333333333333 0.356666666666667
0.843333333333333 0.156666666666667
0.79 0.21
0.833333333333333 0.166666666666667
0.74 0.26
0.766666666666667 0.233333333333333
0.763333333333333 0.236666666666667
0.676666666666667 0.323333333333333
0.676666666666667 0.323333333333333
0.576666666666667 0.423333333333333
0.82 0.18
0.476666666666667 0.523333333333333
0.59 0.41
0.38 0.62
0.38 0.62
0.756666666666667 0.243333333333333
0.77 0.23
0.636666666666667 0.363333333333333
0.65 0.35
0.636666666666667 0.363333333333333
0.753333333333333 0.246666666666667
0.51 0.49
0.736666666666667 0.263333333333333
0.756666666666667 0.243333333333333
0.786666666666667 0.213333333333333
0.6 0.4
0.646666666666667 0.353333333333333
0.636666666666667 0.363333333333333
0.606666666666667 0.393333333333333
0.653333333333333 0.346666666666667
0.51 0.49
0.676666666666667 0.323333333333333
0.623333333333333 0.376666666666667
0.723333333333333 0.276666666666667
0.826666666666667 0.173333333333333
0.506666666666667 0.493333333333333
0.363333333333333 0.636666666666667
0.503333333333333 0.496666666666667
0.383333333333333 0.616666666666667
0.66 0.34
0.46 0.54
0.446666666666667 0.553333333333333
0.45 0.55
0.233333333333333 0.766666666666667
0.47 0.53
0.44 0.56
0.223333333333333 0.776666666666667
0.76 0.24
0.66 0.34
0.606666666666667 0.393333333333333
0.753333333333333 0.246666666666667
0.31 0.69
0.213333333333333 0.786666666666667
0.446666666666667 0.553333333333333
0.49 0.51
0.63 0.37
0.543333333333333 0.456666666666667
0.606666666666667 0.393333333333333
0.576666666666667 0.423333333333333
0.583333333333333 0.416666666666667
0.566666666666667 0.433333333333333
0.446666666666667 0.553333333333333
0.586666666666667 0.413333333333333
0.61 0.39
0.43 0.57
0.756666666666667 0.243333333333333
0.673333333333333 0.326666666666667
0.536666666666667 0.463333333333333
0.373333333333333 0.626666666666667
0.673333333333333 0.326666666666667
0.333333333333333 0.666666666666667
0.58 0.42
0.593333333333333 0.406666666666667
0.603333333333333 0.396666666666667
0.526666666666667 0.473333333333333
0.39 0.61
0.406666666666667 0.593333333333333
0.363333333333333 0.636666666666667
0.61 0.39
0.366666666666667 0.633333333333333
0.393333333333333 0.606666666666667
0.333333333333333 0.666666666666667
0.523333333333333 0.476666666666667
0.486666666666667 0.513333333333333
0.423333333333333 0.576666666666667
0.806666666666667 0.193333333333333
0.516666666666667 0.483333333333333
0.52 0.48
0.376666666666667 0.623333333333333
0.32 0.68
0.556666666666667 0.443333333333333
0.473333333333333 0.526666666666667
0.413333333333333 0.586666666666667
0.636666666666667 0.363333333333333
0.626666666666667 0.373333333333333
0.823333333333333 0.176666666666667
0.473333333333333 0.526666666666667
0.503333333333333 0.496666666666667
0.666666666666667 0.333333333333333
0.46 0.54
0.36 0.64
0.61 0.39
0.44 0.56
0.353333333333333 0.646666666666667
0.596666666666667 0.403333333333333
0.66 0.34
0.513333333333333 0.486666666666667
0.343333333333333 0.656666666666667
0.58 0.42
0.596666666666667 0.403333333333333
0.69 0.31
0.263333333333333 0.736666666666667
0.51 0.49
0.666666666666667 0.333333333333333
0.63 0.37
0.553333333333333 0.446666666666667
0.606666666666667 0.393333333333333
0.63 0.37
0.55 0.45
0.336666666666667 0.663333333333333
0.4 0.6
0.27 0.73
0.743333333333333 0.256666666666667
0.59 0.41
0.446666666666667 0.553333333333333
0.673333333333333 0.326666666666667
0.636666666666667 0.363333333333333
0.523333333333333 0.476666666666667
0.343333333333333 0.656666666666667
0.573333333333333 0.426666666666667
0.636666666666667 0.363333333333333
0.37 0.63
0.516666666666667 0.483333333333333
0.633333333333333 0.366666666666667
0.546666666666667 0.453333333333333
0.566666666666667 0.433333333333333
0.55 0.45
0.52 0.48
0.396666666666667 0.603333333333333
0.423333333333333 0.576666666666667
0.673333333333333 0.326666666666667
0.726666666666667 0.273333333333333
0.643333333333333 0.356666666666667
0.606666666666667 0.393333333333333
0.676666666666667 0.323333333333333
0.45 0.55
0.586666666666667 0.413333333333333
0.583333333333333 0.416666666666667
0.613333333333333 0.386666666666667
0.623333333333333 0.376666666666667
0.383333333333333 0.616666666666667
0.713333333333333 0.286666666666667
0.176666666666667 0.823333333333333
0.676666666666667 0.323333333333333
0.57 0.43
0.65 0.35
0.686666666666667 0.313333333333333
0.626666666666667 0.373333333333333
0.663333333333333 0.336666666666667
0.62 0.38
0.716666666666667 0.283333333333333
0.53 0.47
0.676666666666667 0.323333333333333
0.57 0.43
0.833333333333333 0.166666666666667
0.55 0.45
0.84 0.16
0.646666666666667 0.353333333333333
0.776666666666667 0.223333333333333
0.526666666666667 0.473333333333333
0.55 0.45
0.606666666666667 0.393333333333333
0.763333333333333 0.236666666666667
0.63 0.37
0.58 0.42
0.746666666666667 0.253333333333333
0.663333333333333 0.336666666666667
0.57 0.43
0.683333333333333 0.316666666666667
0.493333333333333 0.506666666666667
0.78 0.22
0.623333333333333 0.376666666666667
0.673333333333333 0.326666666666667
0.48 0.52
0.696666666666667 0.303333333333333
0.593333333333333 0.406666666666667
0.53 0.47
0.55 0.45
0.73 0.27
0.703333333333333 0.296666666666667
0.87 0.13
0.653333333333333 0.346666666666667
0.623333333333333 0.376666666666667
0.73 0.27
0.75 0.25
0.65 0.35
0.783333333333333 0.216666666666667
0.743333333333333 0.256666666666667
0.566666666666667 0.433333333333333
0.73 0.27
0.656666666666667 0.343333333333333
0.826666666666667 0.173333333333333
0.55 0.45
0.7 0.3
0.55 0.45
0.74 0.26
0.606666666666667 0.393333333333333
0.82 0.18
0.8 0.2
0.673333333333333 0.326666666666667
0.59 0.41
0.796666666666667 0.203333333333333
0.396666666666667 0.603333333333333
0.693333333333333 0.306666666666667
0.65 0.35
0.753333333333333 0.246666666666667
0.616666666666667 0.383333333333333
0.746666666666667 0.253333333333333
0.75 0.25
0.416666666666667 0.583333333333333
0.72 0.28
0.726666666666667 0.273333333333333
0.69 0.31
0.733333333333333 0.266666666666667
0.786666666666667 0.213333333333333
0.476666666666667 0.523333333333333
0.836666666666667 0.163333333333333
0.75 0.25
0.57 0.43
0.69 0.31
0.553333333333333 0.446666666666667
0.626666666666667 0.373333333333333
0.57 0.43
0.633333333333333 0.366666666666667
0.643333333333333 0.356666666666667
0.573333333333333 0.426666666666667
0.556666666666667 0.443333333333333
0.63 0.37
0.806666666666667 0.193333333333333
0.646666666666667 0.353333333333333
0.633333333333333 0.366666666666667
0.61 0.39
0.733333333333333 0.266666666666667
0.553333333333333 0.446666666666667
0.67 0.33
0.64 0.36
0.683333333333333 0.316666666666667
0.67 0.33
0.653333333333333 0.346666666666667
0.663333333333333 0.336666666666667
0.72 0.28
0.653333333333333 0.346666666666667
0.703333333333333 0.296666666666667
0.743333333333333 0.256666666666667
0.74 0.26
0.246666666666667 0.753333333333333
0.726666666666667 0.273333333333333
0.72 0.28
0.74 0.26
0.663333333333333 0.336666666666667
0.666666666666667 0.333333333333333
0.663333333333333 0.336666666666667
0.556666666666667 0.443333333333333
0.596666666666667 0.403333333333333
0.623333333333333 0.376666666666667
0.673333333333333 0.326666666666667
0.296666666666667 0.703333333333333
0.563333333333333 0.436666666666667
0.613333333333333 0.386666666666667
0.706666666666667 0.293333333333333
0.826666666666667 0.173333333333333
0.666666666666667 0.333333333333333
0.52 0.48
0.706666666666667 0.293333333333333
0.513333333333333 0.486666666666667
0.596666666666667 0.403333333333333
0.6 0.4
0.586666666666667 0.413333333333333
0.663333333333333 0.336666666666667
0.633333333333333 0.366666666666667
0.563333333333333 0.436666666666667
0.503333333333333 0.496666666666667
0.593333333333333 0.406666666666667
0.643333333333333 0.356666666666667
0.343333333333333 0.656666666666667
0.49 0.51
0.553333333333333 0.446666666666667
0.71 0.29
0.643333333333333 0.356666666666667
0.63 0.37
0.616666666666667 0.383333333333333
0.713333333333333 0.286666666666667
0.57 0.43
0.546666666666667 0.453333333333333
0.723333333333333 0.276666666666667
0.576666666666667 0.423333333333333
0.566666666666667 0.433333333333333
0.65 0.35
0.603333333333333 0.396666666666667
0.576666666666667 0.423333333333333
0.453333333333333 0.546666666666667
0.566666666666667 0.433333333333333
0.713333333333333 0.286666666666667
0.626666666666667 0.373333333333333
0.596666666666667 0.403333333333333
0.52 0.48
0.576666666666667 0.423333333333333
0.69 0.31
0.446666666666667 0.553333333333333
0.503333333333333 0.496666666666667
0.55 0.45
0.68 0.32
0.49 0.51
0.5 0.5
0.556666666666667 0.443333333333333
0.68 0.32
0.64 0.36
0.646666666666667 0.353333333333333
0.666666666666667 0.333333333333333
0.54 0.46
0.486666666666667 0.513333333333333
0.773333333333333 0.226666666666667
0.6 0.4
0.563333333333333 0.436666666666667
0.633333333333333 0.366666666666667
0.76 0.24
0.623333333333333 0.376666666666667
0.656666666666667 0.343333333333333
0.67 0.33
0.646666666666667 0.353333333333333
0.713333333333333 0.286666666666667
0.266666666666667 0.733333333333333
0.536666666666667 0.463333333333333
0.763333333333333 0.236666666666667
0.616666666666667 0.383333333333333
0.78 0.22
0.55 0.45
0.383333333333333 0.616666666666667
0.64 0.36
0.526666666666667 0.473333333333333
0.723333333333333 0.276666666666667
0.596666666666667 0.403333333333333
0.416666666666667 0.583333333333333
0.736666666666667 0.263333333333333
0.7 0.3
0.603333333333333 0.396666666666667
0.576666666666667 0.423333333333333
0.656666666666667 0.343333333333333
0.45 0.55
0.693333333333333 0.306666666666667
0.51 0.49
0.646666666666667 0.353333333333333
0.423333333333333 0.576666666666667
0.636666666666667 0.363333333333333
0.393333333333333 0.606666666666667
0.493333333333333 0.506666666666667
0.493333333333333 0.506666666666667
0.656666666666667 0.343333333333333
0.316666666666667 0.683333333333333
0.376666666666667 0.623333333333333
0.74 0.26
0.716666666666667 0.283333333333333
0.376666666666667 0.623333333333333
0.65 0.35
0.33 0.67
0.766666666666667 0.233333333333333
0.706666666666667 0.293333333333333
0.633333333333333 0.366666666666667
0.393333333333333 0.606666666666667
0.34 0.66
0.286666666666667 0.713333333333333
0.636666666666667 0.363333333333333
0.566666666666667 0.433333333333333
0.616666666666667 0.383333333333333
0.73 0.27
0.75 0.25
0.67 0.33
0.606666666666667 0.393333333333333
0.253333333333333 0.746666666666667
0.23 0.77
0.273333333333333 0.726666666666667
0.313333333333333 0.686666666666667
0.243333333333333 0.756666666666667
0.663333333333333 0.336666666666667
0.653333333333333 0.346666666666667
0.78 0.22
0.543333333333333 0.456666666666667
0.493333333333333 0.506666666666667
0.646666666666667 0.353333333333333
0.383333333333333 0.616666666666667
0.446666666666667 0.553333333333333
0.79 0.21
0.38 0.62
0.233333333333333 0.766666666666667
0.363333333333333 0.636666666666667
0.363333333333333 0.636666666666667
0.466666666666667 0.533333333333333
0.69 0.31
0.613333333333333 0.386666666666667
0.8 0.2
0.573333333333333 0.426666666666667
0.573333333333333 0.426666666666667
0.62 0.38
0.383333333333333 0.616666666666667
0.5 0.5
0.373333333333333 0.626666666666667
0.526666666666667 0.473333333333333
0.593333333333333 0.406666666666667
0.81 0.19
0.693333333333333 0.306666666666667
0.613333333333333 0.386666666666667
0.433333333333333 0.566666666666667
0.573333333333333 0.426666666666667
0.416666666666667 0.583333333333333
0.396666666666667 0.603333333333333
0.313333333333333 0.686666666666667
0.21 0.79
0.396666666666667 0.603333333333333
0.61 0.39
0.713333333333333 0.286666666666667
0.233333333333333 0.766666666666667
0.473333333333333 0.526666666666667
0.343333333333333 0.656666666666667
0.37 0.63
0.74 0.26
0.32 0.68
0.343333333333333 0.656666666666667
0.73 0.27
0.643333333333333 0.356666666666667
0.263333333333333 0.736666666666667
0.486666666666667 0.513333333333333
0.64 0.36
0.37 0.63
0.55 0.45
0.556666666666667 0.443333333333333
0.306666666666667 0.693333333333333
0.266666666666667 0.733333333333333
0.466666666666667 0.533333333333333
0.683333333333333 0.316666666666667
0.62 0.38
0.716666666666667 0.283333333333333
0.45 0.55
0.543333333333333 0.456666666666667
0.64 0.36
0.62 0.38
0.55 0.45
0.623333333333333 0.376666666666667
0.473333333333333 0.526666666666667
0.34 0.66
0.426666666666667 0.573333333333333
0.443333333333333 0.556666666666667
0.69 0.31
0.643333333333333 0.356666666666667
0.54 0.46
0.426666666666667 0.573333333333333
0.513333333333333 0.486666666666667
0.693333333333333 0.306666666666667
0.326666666666667 0.673333333333333
0.62 0.38
0.58 0.42
0.626666666666667 0.373333333333333
0.593333333333333 0.406666666666667
0.576666666666667 0.423333333333333
0.323333333333333 0.676666666666667
0.29 0.71
0.326666666666667 0.673333333333333
0.336666666666667 0.663333333333333
0.376666666666667 0.623333333333333
0.286666666666667 0.713333333333333
0.716666666666667 0.283333333333333
0.213333333333333 0.786666666666667
0.736666666666667 0.263333333333333
0.4 0.6
0.766666666666667 0.233333333333333
0.626666666666667 0.373333333333333
0.676666666666667 0.323333333333333
0.723333333333333 0.276666666666667
0.543333333333333 0.456666666666667
0.586666666666667 0.413333333333333
0.546666666666667 0.453333333333333
0.703333333333333 0.296666666666667
0.786666666666667 0.213333333333333
0.56 0.44
0.58 0.42
0.61 0.39
0.586666666666667 0.413333333333333
0.616666666666667 0.383333333333333
0.646666666666667 0.353333333333333
0.483333333333333 0.516666666666667
0.7 0.3
0.706666666666667 0.293333333333333
0.58 0.42
0.843333333333333 0.156666666666667
0.74 0.26
0.53 0.47
0.773333333333333 0.226666666666667
0.64 0.36
0.68 0.32
0.743333333333333 0.256666666666667
0.673333333333333 0.326666666666667
0.613333333333333 0.386666666666667
0.683333333333333 0.316666666666667
0.766666666666667 0.233333333333333
0.55 0.45
0.753333333333333 0.246666666666667
0.603333333333333 0.396666666666667
0.533333333333333 0.466666666666667
0.676666666666667 0.323333333333333
0.61 0.39
0.69 0.31
0.593333333333333 0.406666666666667
0.503333333333333 0.496666666666667
0.726666666666667 0.273333333333333
0.693333333333333 0.306666666666667
0.733333333333333 0.266666666666667
0.61 0.39
0.79 0.21
0.833333333333333 0.166666666666667
0.69 0.31
0.696666666666667 0.303333333333333
0.663333333333333 0.336666666666667
0.733333333333333 0.266666666666667
0.85 0.15
0.723333333333333 0.276666666666667
0.69 0.31
0.236666666666667 0.763333333333333
0.72 0.28
0.74 0.26
0.72 0.28
0.643333333333333 0.356666666666667
0.61 0.39
0.756666666666667 0.243333333333333
0.533333333333333 0.466666666666667
0.67 0.33
0.526666666666667 0.473333333333333
0.683333333333333 0.316666666666667
0.85 0.15
0.623333333333333 0.376666666666667
0.606666666666667 0.393333333333333
0.65 0.35
0.733333333333333 0.266666666666667
0.633333333333333 0.366666666666667
0.676666666666667 0.323333333333333
0.7 0.3
0.67 0.33
0.323333333333333 0.676666666666667
0.39 0.61
0.78 0.22
0.68 0.32
0.706666666666667 0.293333333333333
0.683333333333333 0.316666666666667
0.613333333333333 0.386666666666667
0.563333333333333 0.436666666666667
0.746666666666667 0.253333333333333
0.66 0.34
0.74 0.26
0.34 0.66
0.583333333333333 0.416666666666667
0.77 0.23
0.643333333333333 0.356666666666667
0.453333333333333 0.546666666666667
0.28 0.72
0.37 0.63
0.71 0.29
0.66 0.34
0.73 0.27
0.7 0.3
0.71 0.29
0.65 0.35
0.316666666666667 0.683333333333333
0.73 0.27
0.746666666666667 0.253333333333333
0.51 0.49
0.703333333333333 0.296666666666667
0.786666666666667 0.213333333333333
0.71 0.29
0.596666666666667 0.403333333333333
0.673333333333333 0.326666666666667
0.773333333333333 0.226666666666667
0.696666666666667 0.303333333333333
0.746666666666667 0.253333333333333
0.74 0.26
0.673333333333333 0.326666666666667
0.756666666666667 0.243333333333333
0.48 0.52
0.733333333333333 0.266666666666667
0.753333333333333 0.246666666666667
0.553333333333333 0.446666666666667
0.783333333333333 0.216666666666667
0.37 0.63
0.766666666666667 0.233333333333333
0.686666666666667 0.313333333333333
0.483333333333333 0.516666666666667
0.663333333333333 0.336666666666667
0.686666666666667 0.313333333333333
0.7 0.3
0.696666666666667 0.303333333333333
0.526666666666667 0.473333333333333
0.756666666666667 0.243333333333333
0.63 0.37
0.716666666666667 0.283333333333333
0.666666666666667 0.333333333333333
0.69 0.31
0.723333333333333 0.276666666666667
0.743333333333333 0.256666666666667
0.576666666666667 0.423333333333333
0.586666666666667 0.413333333333333
0.716666666666667 0.283333333333333
0.696666666666667 0.303333333333333
0.406666666666667 0.593333333333333
0.57 0.43
0.55 0.45
0.623333333333333 0.376666666666667
0.59 0.41
0.776666666666667 0.223333333333333
0.68 0.32
0.69 0.31
0.633333333333333 0.366666666666667
0.716666666666667 0.283333333333333
0.626666666666667 0.373333333333333
0.476666666666667 0.523333333333333
0.493333333333333 0.506666666666667
0.6 0.4
0.793333333333333 0.206666666666667
0.78 0.22
0.636666666666667 0.363333333333333
0.623333333333333 0.376666666666667
0.676666666666667 0.323333333333333
0.746666666666667 0.253333333333333
0.783333333333333 0.216666666666667
0.766666666666667 0.233333333333333
0.613333333333333 0.386666666666667
0.69 0.31
0.523333333333333 0.476666666666667
0.35 0.65
0.276666666666667 0.723333333333333
0.35 0.65
0.42 0.58
0.386666666666667 0.613333333333333
0.443333333333333 0.556666666666667
0.353333333333333 0.646666666666667
0.756666666666667 0.243333333333333
0.7 0.3
0.796666666666667 0.203333333333333
0.68 0.32
0.686666666666667 0.313333333333333
0.663333333333333 0.336666666666667
0.796666666666667 0.203333333333333
0.67 0.33
0.636666666666667 0.363333333333333
0.623333333333333 0.376666666666667
0.726666666666667 0.273333333333333
0.536666666666667 0.463333333333333
0.756666666666667 0.243333333333333
0.613333333333333 0.386666666666667
0.68 0.32
0.526666666666667 0.473333333333333
0.713333333333333 0.286666666666667
0.643333333333333 0.356666666666667
0.756666666666667 0.243333333333333
0.77 0.23
0.736666666666667 0.263333333333333
0.706666666666667 0.293333333333333
0.696666666666667 0.303333333333333
0.733333333333333 0.266666666666667
0.483333333333333 0.516666666666667
0.756666666666667 0.243333333333333
0.82 0.18
0.426666666666667 0.573333333333333
0.616666666666667 0.383333333333333
0.78 0.22
0.68 0.32
0.643333333333333 0.356666666666667
0.636666666666667 0.363333333333333
0.703333333333333 0.296666666666667
0.736666666666667 0.263333333333333
0.693333333333333 0.306666666666667
0.656666666666667 0.343333333333333
0.703333333333333 0.296666666666667
0.68 0.32
0.72 0.28
0.626666666666667 0.373333333333333
0.63 0.37
0.81 0.19
0.616666666666667 0.383333333333333
0.723333333333333 0.276666666666667
0.846666666666667 0.153333333333333
0.81 0.19
0.743333333333333 0.256666666666667
0.843333333333333 0.156666666666667
0.64 0.36
0.673333333333333 0.326666666666667
0.746666666666667 0.253333333333333
0.656666666666667 0.343333333333333
0.643333333333333 0.356666666666667
0.753333333333333 0.246666666666667
0.67 0.33
0.536666666666667 0.463333333333333
0.68 0.32
0.686666666666667 0.313333333333333
0.696666666666667 0.303333333333333
0.683333333333333 0.316666666666667
0.296666666666667 0.703333333333333
0.636666666666667 0.363333333333333
0.623333333333333 0.376666666666667
0.6 0.4
0.783333333333333 0.216666666666667
0.71 0.29
0.676666666666667 0.323333333333333
0.75 0.25
0.703333333333333 0.296666666666667
0.733333333333333 0.266666666666667
0.76 0.24
0.683333333333333 0.316666666666667
0.716666666666667 0.283333333333333
0.456666666666667 0.543333333333333
0.62 0.38
0.686666666666667 0.313333333333333
0.556666666666667 0.443333333333333
0.48 0.52
0.636666666666667 0.363333333333333
0.646666666666667 0.353333333333333
0.66 0.34
0.546666666666667 0.453333333333333
0.733333333333333 0.266666666666667
0.726666666666667 0.273333333333333
0.586666666666667 0.413333333333333
0.656666666666667 0.343333333333333
0.803333333333333 0.196666666666667
0.76 0.24
0.81 0.19
0.816666666666667 0.183333333333333
0.686666666666667 0.313333333333333
0.72 0.28
0.753333333333333 0.246666666666667
0.526666666666667 0.473333333333333
0.72 0.28
