0.503333333333333 0.496666666666667
0.62 0.38
0.56 0.44
0.49 0.51
0.48 0.52
0.566666666666667 0.433333333333333
0.443333333333333 0.556666666666667
0.69 0.31
0.45 0.55
0.34 0.66
0.333333333333333 0.666666666666667
0.686666666666667 0.313333333333333
0.71 0.29
0.713333333333333 0.286666666666667
0.703333333333333 0.296666666666667
0.35 0.65
0.406666666666667 0.593333333333333
0.476666666666667 0.523333333333333
0.526666666666667 0.473333333333333
0.253333333333333 0.746666666666667
0.326666666666667 0.673333333333333
0.656666666666667 0.343333333333333
0.626666666666667 0.373333333333333
0.523333333333333 0.476666666666667
0.786666666666667 0.213333333333333
0.766666666666667 0.233333333333333
0.53 0.47
0.616666666666667 0.383333333333333
0.556666666666667 0.443333333333333
0.566666666666667 0.433333333333333
0.713333333333333 0.286666666666667
0.393333333333333 0.606666666666667
0.526666666666667 0.473333333333333
0.443333333333333 0.556666666666667
0.306666666666667 0.693333333333333
0.36 0.64
0.61 0.39
0.76 0.24
0.25 0.75
0.656666666666667 0.343333333333333
0.383333333333333 0.616666666666667
0.47 0.53
0.606666666666667 0.393333333333333
0.426666666666667 0.573333333333333
0.35 0.65
0.726666666666667 0.273333333333333
0.253333333333333 0.746666666666667
0.513333333333333 0.486666666666667
0.636666666666667 0.363333333333333
0.71 0.29
0.486666666666667 0.513333333333333
0.73 0.27
0.683333333333333 0.316666666666667
0.416666666666667 0.583333333333333
0.406666666666667 0.593333333333333
0.7 0.3
0.536666666666667 0.463333333333333
0.49 0.51
0.586666666666667 0.413333333333333
0.466666666666667 0.533333333333333
0.413333333333333 0.586666666666667
0.676666666666667 0.323333333333333
0.446666666666667 0.553333333333333
0.556666666666667 0.443333333333333
0.52 0.48
0.706666666666667 0.293333333333333
0.633333333333333 0.366666666666667
0.47 0.53
0.513333333333333 0.486666666666667
0.463333333333333 0.536666666666667
0.6 0.4
0.46 0.54
0.303333333333333 0.696666666666667
0.6 0.4
0.74 0.26
0.613333333333333 0.386666666666667
0.36 0.64
0.373333333333333 0.626666666666667
0.573333333333333 0.426666666666667
0.416666666666667 0.583333333333333
0.546666666666667 0.453333333333333
0.223333333333333 0.776666666666667
0.583333333333333 0.416666666666667
0.69 0.31
0.39 0.61
0.6 0.4
0.72 0.28
0.686666666666667 0.313333333333333
0.61 0.39
0.646666666666667 0.353333333333333
0.52 0.48
0.553333333333333 0.446666666666667
0.56 0.44
0.716666666666667 0.283333333333333
0.723333333333333 0.276666666666667
0.756666666666667 0.243333333333333
0.84 0.16
0.63 0.37
0.583333333333333 0.416666666666667
0.686666666666667 0.313333333333333
0.62 0.38
0.556666666666667 0.443333333333333
0.71 0.29
0.753333333333333 0.246666666666667
0.5 0.5
0.77 0.23
0.543333333333333 0.456666666666667
0.653333333333333 0.346666666666667
0.743333333333333 0.256666666666667
0.723333333333333 0.276666666666667
0.683333333333333 0.316666666666667
0.736666666666667 0.263333333333333
0.683333333333333 0.316666666666667
0.693333333333333 0.306666666666667
0.523333333333333 0.476666666666667
0.543333333333333 0.456666666666667
0.673333333333333 0.326666666666667
0.553333333333333 0.446666666666667
0.7 0.3
0.72 0.28
0.763333333333333 0.236666666666667
0.636666666666667 0.363333333333333
0.703333333333333 0.296666666666667
0.52 0.48
0.693333333333333 0.306666666666667
0.796666666666667 0.203333333333333
0.69 0.31
0.566666666666667 0.433333333333333
0.63 0.37
0.563333333333333 0.436666666666667
0.703333333333333 0.296666666666667
0.563333333333333 0.436666666666667
0.643333333333333 0.356666666666667
0.793333333333333 0.206666666666667
0.37 0.63
0.753333333333333 0.246666666666667
0.673333333333333 0.326666666666667
0.81 0.19
0.71 0.29
0.573333333333333 0.426666666666667
0.436666666666667 0.563333333333333
0.376666666666667 0.623333333333333
0.54 0.46
0.706666666666667 0.293333333333333
0.553333333333333 0.446666666666667
0.65 0.35
0.55 0.45
0.676666666666667 0.323333333333333
0.54 0.46
0.346666666666667 0.653333333333333
0.606666666666667 0.393333333333333
0.53 0.47
0.536666666666667 0.463333333333333
0.593333333333333 0.406666666666667
0.666666666666667 0.333333333333333
0.576666666666667 0.423333333333333
0.526666666666667 0.473333333333333
0.67 0.33
0.676666666666667 0.323333333333333
0.313333333333333 0.686666666666667
0.48 0.52
0.583333333333333 0.416666666666667
0.716666666666667 0.283333333333333
0.333333333333333 0.666666666666667
0.61 0.39
0.69 0.31
0.663333333333333 0.336666666666667
0.843333333333333 0.156666666666667
0.65 0.35
0.49 0.51
0.426666666666667 0.573333333333333
0.756666666666667 0.243333333333333
0.703333333333333 0.296666666666667
0.77 0.23
0.713333333333333 0.286666666666667
0.613333333333333 0.386666666666667
0.723333333333333 0.276666666666667
0.62 0.38
0.676666666666667 0.323333333333333
0.453333333333333 0.546666666666667
0.323333333333333 0.676666666666667
0.59 0.41
0.643333333333333 0.356666666666667
0.433333333333333 0.566666666666667
0.29 0.71
0.283333333333333 0.716666666666667
0.56 0.44
0.326666666666667 0.673333333333333
0.42 0.58
0.57 0.43
0.826666666666667 0.173333333333333
0.526666666666667 0.473333333333333
0.26 0.74
0.516666666666667 0.483333333333333
0.55 0.45
0.676666666666667 0.323333333333333
0.766666666666667 0.233333333333333
0.76 0.24
0.406666666666667 0.593333333333333
0.46 0.54
0.773333333333333 0.226666666666667
0.56 0.44
0.743333333333333 0.256666666666667
0.266666666666667 0.733333333333333
0.573333333333333 0.426666666666667
0.63 0.37
0.34 0.66
0.473333333333333 0.526666666666667
0.49 0.51
0.323333333333333 0.676666666666667
0.5 0.5
0.49 0.51
0.5 0.5
0.56 0.44
0.526666666666667 0.473333333333333
0.383333333333333 0.616666666666667
0.67 0.33
0.803333333333333 0.196666666666667
0.66 0.34
0.53 0.47
0.546666666666667 0.453333333333333
0.46 0.54
0.613333333333333 0.386666666666667
0.833333333333333 0.166666666666667
0.54 0.46
0.556666666666667 0.443333333333333
0.733333333333333 0.266666666666667
0.483333333333333 0.516666666666667
0.516666666666667 0.483333333333333
0.376666666666667 0.623333333333333
0.53 0.47
0.703333333333333 0.296666666666667
0.346666666666667 0.653333333333333
0.793333333333333 0.206666666666667
0.483333333333333 0.516666666666667
0.693333333333333 0.306666666666667
0.64 0.36
0.39 0.61
0.52 0.48
0.61 0.39
0.596666666666667 0.403333333333333
0.416666666666667 0.583333333333333
0.746666666666667 0.253333333333333
0.306666666666667 0.693333333333333
0.7 0.3
0.73 0.27
0.406666666666667 0.593333333333333
0.62 0.38
0.736666666666667 0.263333333333333
0.843333333333333 0.156666666666667
0.753333333333333 0.246666666666667
0.573333333333333 0.426666666666667
0.69 0.31
0.433333333333333 0.566666666666667
0.703333333333333 0.296666666666667
0.553333333333333 0.446666666666667
0.813333333333333 0.186666666666667
0.813333333333333 0.186666666666667
0.366666666666667 0.633333333333333
0.63 0.37
0.886666666666667 0.113333333333333
0.67 0.33
0.296666666666667 0.703333333333333
0.376666666666667 0.623333333333333
0.69 0.31
0.646666666666667 0.353333333333333
0.683333333333333 0.316666666666667
0.63 0.37
0.563333333333333 0.436666666666667
0.63 0.37
0.616666666666667 0.383333333333333
0.703333333333333 0.296666666666667
0.426666666666667 0.573333333333333
0.596666666666667 0.403333333333333
0.396666666666667 0.603333333333333
0.603333333333333 0.396666666666667
0.52 0.48
0.716666666666667 0.283333333333333
0.66 0.34
0.546666666666667 0.453333333333333
0.633333333333333 0.366666666666667
0.86 0.14
0.626666666666667 0.373333333333333
0.47 0.53
0.753333333333333 0.246666666666667
0.746666666666667 0.253333333333333
0.453333333333333 0.546666666666667
0.75 0.25
0.473333333333333 0.526666666666667
0.6 0.4
0.336666666666667 0.663333333333333
0.486666666666667 0.513333333333333
0.27 0.73
0.6 0.4
0.446666666666667 0.553333333333333
0.653333333333333 0.346666666666667
0.57 0.43
0.456666666666667 0.543333333333333
0.523333333333333 0.476666666666667
0.73 0.27
0.413333333333333 0.586666666666667
0.596666666666667 0.403333333333333
0.323333333333333 0.676666666666667
0.46 0.54
0.406666666666667 0.593333333333333
0.66 0.34
0.653333333333333 0.346666666666667
0.376666666666667 0.623333333333333
0.766666666666667 0.233333333333333
0.683333333333333 0.316666666666667
0.596666666666667 0.403333333333333
0.303333333333333 0.696666666666667
0.676666666666667 0.323333333333333
0.536666666666667 0.463333333333333
0.323333333333333 0.676666666666667
0.493333333333333 0.506666666666667
0.683333333333333 0.316666666666667
0.596666666666667 0.403333333333333
0.63 0.37
0.656666666666667 0.343333333333333
0.593333333333333 0.406666666666667
0.19 0.81
0.673333333333333 0.326666666666667
0.426666666666667 0.573333333333333
0.313333333333333 0.686666666666667
0.496666666666667 0.503333333333333
0.553333333333333 0.446666666666667
0.68 0.32
0.85 0.15
0.686666666666667 0.313333333333333
0.553333333333333 0.446666666666667
0.493333333333333 0.506666666666667
0.586666666666667 0.413333333333333
0.513333333333333 0.486666666666667
0.513333333333333 0.486666666666667
0.28 0.72
0.643333333333333 0.356666666666667
0.663333333333333 0.336666666666667
0.76 0.24
0.62 0.38
0.63 0.37
0.55 0.45
0.42 0.58
0.72 0.28
0.683333333333333 0.316666666666667
0.603333333333333 0.396666666666667
0.733333333333333 0.266666666666667
0.78 0.22
0.753333333333333 0.246666666666667
0.58 0.42
0.536666666666667 0.463333333333333
0.636666666666667 0.363333333333333
0.71 0.29
0.713333333333333 0.286666666666667
0.556666666666667 0.443333333333333
0.55 0.45
0.726666666666667 0.273333333333333
0.84 0.16
0.663333333333333 0.336666666666667
0.786666666666667 0.213333333333333
0.673333333333333 0.326666666666667
0.61 0.39
0.873333333333333 0.126666666666667
0.773333333333333 0.226666666666667
0.77 0.23
0.74 0.26
0.61 0.39
0.826666666666667 0.173333333333333
0.706666666666667 0.293333333333333
0.8 0.2
0.66 0.34
0.683333333333333 0.316666666666667
0.72 0.28
0.543333333333333 0.456666666666667
0.71 0.29
0.423333333333333 0.576666666666667
0.576666666666667 0.423333333333333
0.67 0.33
0.783333333333333 0.216666666666667
0.82 0.18
0.743333333333333 0.256666666666667
0.623333333333333 0.376666666666667
0.63 0.37
0.74 0.26
0.656666666666667 0.343333333333333
0.753333333333333 0.246666666666667
0.73 0.27
0.813333333333333 0.186666666666667
0.76 0.24
0.733333333333333 0.266666666666667
0.733333333333333 0.266666666666667
0.5 0.5
0.48 0.52
0.55 0.45
0.79 0.21
0.71 0.29
0.676666666666667 0.323333333333333
0.523333333333333 0.476666666666667
0.673333333333333 0.326666666666667
0.576666666666667 0.423333333333333
0.59 0.41
0.743333333333333 0.256666666666667
0.633333333333333 0.366666666666667
0.68 0.32
0.67 0.33
0.633333333333333 0.366666666666667
0.736666666666667 0.263333333333333
0.72 0.28
0.496666666666667 0.503333333333333
0.716666666666667 0.283333333333333
0.73 0.27
0.693333333333333 0.306666666666667
0.356666666666667 0.643333333333333
0.666666666666667 0.333333333333333
0.723333333333333 0.276666666666667
0.7 0.3
0.68 0.32
0.653333333333333 0.346666666666667
0.523333333333333 0.476666666666667
0.72 0.28
0.586666666666667 0.413333333333333
0.856666666666667 0.143333333333333
0.726666666666667 0.273333333333333
0.823333333333333 0.176666666666667
0.73 0.27
0.806666666666667 0.193333333333333
0.74 0.26
0.696666666666667 0.303333333333333
0.743333333333333 0.256666666666667
0.63 0.37
0.66 0.34
0.756666666666667 0.243333333333333
0.61 0.39
0.68 0.32
0.68 0.32
0.866666666666667 0.133333333333333
0.803333333333333 0.196666666666667
0.776666666666667 0.223333333333333
0.726666666666667 0.273333333333333
0.57 0.43
0.593333333333333 0.406666666666667
0.813333333333333 0.186666666666667
0.766666666666667 0.233333333333333
0.706666666666667 0.293333333333333
0.733333333333333 0.266666666666667
0.816666666666667 0.183333333333333
0.776666666666667 0.223333333333333
0.793333333333333 0.206666666666667
0.76 0.24
0.73 0.27
0.67 0.33
0.663333333333333 0.336666666666667
0.793333333333333 0.206666666666667
0.55 0.45
0.706666666666667 0.293333333333333
0.793333333333333 0.206666666666667
0.756666666666667 0.243333333333333
0.35 0.65
0.77 0.23
0.683333333333333 0.316666666666667
0.62 0.38
0.793333333333333 0.206666666666667
0.75 0.25
0.773333333333333 0.226666666666667
0.723333333333333 0.276666666666667
0.51 0.49
0.74 0.26
0.726666666666667 0.273333333333333
0.783333333333333 0.216666666666667
0.713333333333333 0.286666666666667
0.58 0.42
0.733333333333333 0.266666666666667
0.696666666666667 0.303333333333333
0.636666666666667 0.363333333333333
0.686666666666667 0.313333333333333
0.823333333333333 0.176666666666667
0.516666666666667 0.483333333333333
0.61 0.39
0.68 0.32
0.453333333333333 0.546666666666667
0.683333333333333 0.316666666666667
0.636666666666667 0.363333333333333
0.64 0.36
0.706666666666667 0.293333333333333
0.65 0.35
0.543333333333333 0.456666666666667
0.866666666666667 0.133333333333333
0.603333333333333 0.396666666666667
0.823333333333333 0.176666666666667
0.456666666666667 0.543333333333333
0.786666666666667 0.213333333333333
0.74 0.26
0.693333333333333 0.306666666666667
0.736666666666667 0.263333333333333
0.763333333333333 0.236666666666667
0.746666666666667 0.253333333333333
0.776666666666667 0.223333333333333
0.546666666666667 0.453333333333333
0.666666666666667 0.333333333333333
0.746666666666667 0.253333333333333
0.78 0.22
0.736666666666667 0.263333333333333
0.813333333333333 0.186666666666667
0.673333333333333 0.326666666666667
0.596666666666667 0.403333333333333
0.8 0.2
0.506666666666667 0.493333333333333
0.69 0.31
0.673333333333333 0.326666666666667
0.663333333333333 0.336666666666667
0.826666666666667 0.173333333333333
0.826666666666667 0.173333333333333
0.756666666666667 0.243333333333333
0.71 0.29
0.786666666666667 0.213333333333333
0.693333333333333 0.306666666666667
0.823333333333333 0.176666666666667
0.766666666666667 0.233333333333333
0.183333333333333 0.816666666666667
0.856666666666667 0.143333333333333
0.61 0.39
0.516666666666667 0.483333333333333
0.67 0.33
0.633333333333333 0.366666666666667
0.846666666666667 0.153333333333333
0.643333333333333 0.356666666666667
0.763333333333333 0.236666666666667
0.78 0.22
0.83 0.17
0.73 0.27
0.59 0.41
0.28 0.72
0.803333333333333 0.196666666666667
0.726666666666667 0.273333333333333
0.636666666666667 0.363333333333333
0.53 0.47
0.556666666666667 0.443333333333333
0.623333333333333 0.376666666666667
0.633333333333333 0.366666666666667
0.636666666666667 0.363333333333333
0.706666666666667 0.293333333333333
0.8 0.2
0.636666666666667 0.363333333333333
0.39 0.61
0.6 0.4
0.566666666666667 0.433333333333333
0.496666666666667 0.503333333333333
0.486666666666667 0.513333333333333
0.653333333333333 0.346666666666667
0.593333333333333 0.406666666666667
0.66 0.34
0.68 0.32
0.663333333333333 0.336666666666667
0.673333333333333 0.326666666666667
0.683333333333333 0.316666666666667
0.533333333333333 0.466666666666667
0.676666666666667 0.323333333333333
0.616666666666667 0.383333333333333
0.72 0.28
0.556666666666667 0.443333333333333
0.776666666666667 0.223333333333333
0.56 0.44
0.573333333333333 0.426666666666667
0.746666666666667 0.253333333333333
0.766666666666667 0.233333333333333
0.62 0.38
0.77 0.23
0.7 0.3
0.813333333333333 0.186666666666667
0.843333333333333 0.156666666666667
0.696666666666667 0.303333333333333
0.65 0.35
0.62 0.38
0.866666666666667 0.133333333333333
0.663333333333333 0.336666666666667
0.54 0.46
0.786666666666667 0.213333333333333
0.816666666666667 0.183333333333333
0.67 0.33
0.843333333333333 0.156666666666667
0.66 0.34
0.74 0.26
0.74 0.26
0.58 0.42
0.693333333333333 0.306666666666667
0.753333333333333 0.246666666666667
0.666666666666667 0.333333333333333
0.776666666666667 0.223333333333333
0.673333333333333 0.326666666666667
0.763333333333333 0.236666666666667
0.69 0.31
0.783333333333333 0.216666666666667
0.783333333333333 0.216666666666667
0.653333333333333 0.346666666666667
0.783333333333333 0.216666666666667
0.48 0.52
0.556666666666667 0.443333333333333
0.626666666666667 0.373333333333333
0.773333333333333 0.226666666666667
0.763333333333333 0.236666666666667
0.71 0.29
0.58 0.42
0.79 0.21
0.686666666666667 0.313333333333333
0.623333333333333 0.376666666666667
0.623333333333333 0.376666666666667
0.6 0.4
0.706666666666667 0.293333333333333
0.673333333333333 0.326666666666667
0.57 0.43
0.623333333333333 0.376666666666667
0.696666666666667 0.303333333333333
0.71 0.29
0.52 0.48
0.336666666666667 0.663333333333333
0.28 0.72
0.373333333333333 0.626666666666667
0.57 0.43
0.656666666666667 0.343333333333333
0.663333333333333 0.336666666666667
0.693333333333333 0.306666666666667
0.393333333333333 0.606666666666667
0.346666666666667 0.653333333333333
0.413333333333333 0.586666666666667
0.696666666666667 0.303333333333333
0.38 0.62
0.576666666666667 0.423333333333333
0.576666666666667 0.423333333333333
0.553333333333333 0.446666666666667
0.206666666666667 0.793333333333333
0.4 0.6
0.48 0.52
0.66 0.34
0.576666666666667 0.423333333333333
0.52 0.48
0.556666666666667 0.443333333333333
0.553333333333333 0.446666666666667
0.6 0.4
0.47 0.53
0.376666666666667 0.623333333333333
0.486666666666667 0.513333333333333
0.3 0.7
0.63 0.37
0.423333333333333 0.576666666666667
0.693333333333333 0.306666666666667
0.296666666666667 0.703333333333333
0.476666666666667 0.523333333333333
0.68 0.32
0.266666666666667 0.733333333333333
0.47 0.53
0.593333333333333 0.406666666666667
0.563333333333333 0.436666666666667
0.676666666666667 0.323333333333333
0.646666666666667 0.353333333333333
0.163333333333333 0.836666666666667
0.38 0.62
0.32 0.68
0.373333333333333 0.626666666666667
0.586666666666667 0.413333333333333
0.533333333333333 0.466666666666667
0.853333333333333 0.146666666666667
0.72 0.28
0.573333333333333 0.426666666666667
0.606666666666667 0.393333333333333
0.623333333333333 0.376666666666667
0.6 0.4
0.603333333333333 0.396666666666667
0.536666666666667 0.463333333333333
0.633333333333333 0.366666666666667
0.683333333333333 0.316666666666667
0.713333333333333 0.286666666666667
0.503333333333333 0.496666666666667
0.736666666666667 0.263333333333333
0.703333333333333 0.296666666666667
0.54 0.46
0.71 0.29
0.706666666666667 0.293333333333333
0.443333333333333 0.556666666666667
0.733333333333333 0.266666666666667
0.646666666666667 0.353333333333333
0.403333333333333 0.596666666666667
0.553333333333333 0.446666666666667
0.3 0.7
0.416666666666667 0.583333333333333
0.346666666666667 0.653333333333333
0.573333333333333 0.426666666666667
0.573333333333333 0.426666666666667
0.65 0.35
0.67 0.33
0.333333333333333 0.666666666666667
0.55 0.45
0.566666666666667 0.433333333333333
0.53 0.47
0.573333333333333 0.426666666666667
0.53 0.47
0.353333333333333 0.646666666666667
0.33 0.67
0.396666666666667 0.603333333333333
0.576666666666667 0.423333333333333
0.556666666666667 0.443333333333333
0.66 0.34
0.426666666666667 0.573333333333333
0.376666666666667 0.623333333333333
0.453333333333333 0.546666666666667
0.463333333333333 0.536666666666667
0.456666666666667 0.543333333333333
0.523333333333333 0.476666666666667
0.69 0.31
0.503333333333333 0.496666666666667
0.736666666666667 0.263333333333333
0.583333333333333 0.416666666666667
0.47 0.53
0.316666666666667 0.683333333333333
0.626666666666667 0.373333333333333
0.486666666666667 0.513333333333333
0.58 0.42
0.726666666666667 0.273333333333333
0.543333333333333 0.456666666666667
0.693333333333333 0.306666666666667
0.72 0.28
0.563333333333333 0.436666666666667
0.526666666666667 0.473333333333333
0.65 0.35
0.596666666666667 0.403333333333333
0.783333333333333 0.216666666666667
0.786666666666667 0.213333333333333
0.776666666666667 0.223333333333333
0.74 0.26
0.55 0.45
0.69 0.31
0.656666666666667 0.343333333333333
0.67 0.33
0.663333333333333 0.336666666666667
0.733333333333333 0.266666666666667
0.566666666666667 0.433333333333333
0.676666666666667 0.323333333333333
0.66 0.34
0.62 0.38
0.546666666666667 0.453333333333333
0.633333333333333 0.366666666666667
0.593333333333333 0.406666666666667
0.51 0.49
0.643333333333333 0.356666666666667
0.583333333333333 0.416666666666667
0.686666666666667 0.313333333333333
0.463333333333333 0.536666666666667
0.543333333333333 0.456666666666667
0.54 0.46
0.573333333333333 0.426666666666667
0.693333333333333 0.306666666666667
0.243333333333333 0.756666666666667
0.6 0.4
0.6 0.4
0.686666666666667 0.313333333333333
0.26 0.74
0.273333333333333 0.726666666666667
0.806666666666667 0.193333333333333
0.596666666666667 0.403333333333333
0.603333333333333 0.396666666666667
0.763333333333333 0.236666666666667
0.76 0.24
0.616666666666667 0.383333333333333
0.59 0.41
0.573333333333333 0.426666666666667
0.583333333333333 0.416666666666667
0.65 0.35
0.666666666666667 0.333333333333333
0.516666666666667 0.483333333333333
0.7 0.3
0.63 0.37
0.583333333333333 0.416666666666667
0.53 0.47
0.73 0.27
0.72 0.28
0.733333333333333 0.266666666666667
0.68 0.32
0.493333333333333 0.506666666666667
0.71 0.29
0.543333333333333 0.456666666666667
0.45 0.55
0.543333333333333 0.456666666666667
0.606666666666667 0.393333333333333
0.703333333333333 0.296666666666667
0.69 0.31
0.523333333333333 0.476666666666667
0.596666666666667 0.403333333333333
0.61 0.39
0.55 0.45
0.75 0.25
0.613333333333333 0.386666666666667
0.796666666666667 0.203333333333333
0.69 0.31
0.803333333333333 0.196666666666667
0.663333333333333 0.336666666666667
0.78 0.22
0.783333333333333 0.216666666666667
0.716666666666667 0.283333333333333
0.62 0.38
0.5 0.5
0.663333333333333 0.336666666666667
0.693333333333333 0.306666666666667
0.486666666666667 0.513333333333333
0.74 0.26
0.68 0.32
0.79 0.21
0.576666666666667 0.423333333333333
0.563333333333333 0.436666666666667
0.6 0.4
0.826666666666667 0.173333333333333
0.83 0.17
0.806666666666667 0.193333333333333
0.576666666666667 0.423333333333333
0.636666666666667 0.363333333333333
0.616666666666667 0.383333333333333
0.596666666666667 0.403333333333333
0.6 0.4
0.646666666666667 0.353333333333333
0.65 0.35
0.683333333333333 0.316666666666667
0.586666666666667 0.413333333333333
0.303333333333333 0.696666666666667
0.763333333333333 0.236666666666667
0.8 0.2
0.666666666666667 0.333333333333333
0.796666666666667 0.203333333333333
0.663333333333333 0.336666666666667
0.68 0.32
0.59 0.41
0.836666666666667 0.163333333333333
0.78 0.22
0.766666666666667 0.233333333333333
0.8 0.2
0.796666666666667 0.203333333333333
0.706666666666667 0.293333333333333
0.81 0.19
0.79 0.21
0.713333333333333 0.286666666666667
0.676666666666667 0.323333333333333
0.813333333333333 0.186666666666667
0.566666666666667 0.433333333333333
0.75 0.25
0.483333333333333 0.516666666666667
0.423333333333333 0.576666666666667
0.65 0.35
0.626666666666667 0.373333333333333
0.623333333333333 0.376666666666667
0.726666666666667 0.273333333333333
0.673333333333333 0.326666666666667
0.63 0.37
0.376666666666667 0.623333333333333
0.76 0.24
0.68 0.32
0.553333333333333 0.446666666666667
0.386666666666667 0.613333333333333
0.743333333333333 0.256666666666667
0.716666666666667 0.283333333333333
0.74 0.26
0.716666666666667 0.283333333333333
0.643333333333333 0.356666666666667
0.696666666666667 0.303333333333333
0.756666666666667 0.243333333333333
0.783333333333333 0.216666666666667
0.686666666666667 0.313333333333333
0.813333333333333 0.186666666666667
0.653333333333333 0.346666666666667
0.696666666666667 0.303333333333333
0.723333333333333 0.276666666666667
0.61 0.39
0.57 0.43
0.533333333333333 0.466666666666667
0.656666666666667 0.343333333333333
0.806666666666667 0.193333333333333
0.77 0.23
0.676666666666667 0.323333333333333
0.713333333333333 0.286666666666667
0.736666666666667 0.263333333333333
0.67 0.33
0.57 0.43
0.703333333333333 0.296666666666667
0.676666666666667 0.323333333333333
0.75 0.25
0.586666666666667 0.413333333333333
0.813333333333333 0.186666666666667
0.693333333333333 0.306666666666667
0.673333333333333 0.326666666666667
0.773333333333333 0.226666666666667
0.773333333333333 0.226666666666667
0.703333333333333 0.296666666666667
0.74 0.26
0.82 0.18
0.74 0.26
0.776666666666667 0.223333333333333
0.813333333333333 0.186666666666667
0.71 0.29
0.693333333333333 0.306666666666667
0.606666666666667 0.393333333333333
0.276666666666667 0.723333333333333
0.856666666666667 0.143333333333333
0.8 0.2
0.76 0.24
0.236666666666667 0.763333333333333
0.743333333333333 0.256666666666667
0.66 0.34
0.626666666666667 0.373333333333333
0.813333333333333 0.186666666666667
0.463333333333333 0.536666666666667
0.353333333333333 0.646666666666667
0.803333333333333 0.196666666666667
0.59 0.41
0.336666666666667 0.663333333333333
0.803333333333333 0.196666666666667
0.433333333333333 0.566666666666667
0.606666666666667 0.393333333333333
0.516666666666667 0.483333333333333
0.35 0.65
0.873333333333333 0.126666666666667
0.69 0.31
0.746666666666667 0.253333333333333
0.343333333333333 0.656666666666667
0.603333333333333 0.396666666666667
0.516666666666667 0.483333333333333
0.386666666666667 0.613333333333333
0.29 0.71
0.606666666666667 0.393333333333333
0.456666666666667 0.543333333333333
0.586666666666667 0.413333333333333
0.286666666666667 0.713333333333333
0.573333333333333 0.426666666666667
0.733333333333333 0.266666666666667
0.283333333333333 0.716666666666667
0.533333333333333 0.466666666666667
0.696666666666667 0.303333333333333
0.703333333333333 0.296666666666667
0.74 0.26
0.423333333333333 0.576666666666667
0.51 0.49
0.326666666666667 0.673333333333333
0.793333333333333 0.206666666666667
0.793333333333333 0.206666666666667
0.556666666666667 0.443333333333333
0.693333333333333 0.306666666666667
0.416666666666667 0.583333333333333
0.423333333333333 0.576666666666667
0.323333333333333 0.676666666666667
0.623333333333333 0.376666666666667
0.296666666666667 0.703333333333333
0.69 0.31
0.506666666666667 0.493333333333333
0.35 0.65
0.533333333333333 0.466666666666667
0.516666666666667 0.483333333333333
0.52 0.48
0.46 0.54
0.716666666666667 0.283333333333333
0.453333333333333 0.546666666666667
0.473333333333333 0.526666666666667
0.706666666666667 0.293333333333333
0.483333333333333 0.516666666666667
0.406666666666667 0.593333333333333
0.563333333333333 0.436666666666667
0.546666666666667 0.453333333333333
0.533333333333333 0.466666666666667
0.366666666666667 0.633333333333333
0.723333333333333 0.276666666666667
0.773333333333333 0.226666666666667
0.766666666666667 0.233333333333333
0.37 0.63
0.796666666666667 0.203333333333333
0.66 0.34
0.746666666666667 0.253333333333333
0.673333333333333 0.326666666666667
0.586666666666667 0.413333333333333
0.363333333333333 0.636666666666667
0.78 0.22
0.346666666666667 0.653333333333333
0.853333333333333 0.146666666666667
0.76 0.24
0.576666666666667 0.423333333333333
0.523333333333333 0.476666666666667
0.733333333333333 0.266666666666667
0.763333333333333 0.236666666666667
0.313333333333333 0.686666666666667
0.29 0.71
0.67 0.33
0.613333333333333 0.386666666666667
0.54 0.46
0.486666666666667 0.513333333333333
0.566666666666667 0.433333333333333
0.776666666666667 0.223333333333333
0.736666666666667 0.263333333333333
0.83 0.17
0.64 0.36
0.666666666666667 0.333333333333333
0.453333333333333 0.546666666666667
0.543333333333333 0.456666666666667
0.693333333333333 0.306666666666667
0.783333333333333 0.216666666666667
0.473333333333333 0.526666666666667
0.516666666666667 0.483333333333333
0.44 0.56
0.723333333333333 0.276666666666667
0.393333333333333 0.606666666666667
0.416666666666667 0.583333333333333
0.456666666666667 0.543333333333333
0.31 0.69
0.236666666666667 0.763333333333333
0.433333333333333 0.566666666666667
0.44 0.56
0.59 0.41
0.456666666666667 0.543333333333333
0.303333333333333 0.696666666666667
0.626666666666667 0.373333333333333
0.456666666666667 0.543333333333333
0.736666666666667 0.263333333333333
0.32 0.68
0.653333333333333 0.346666666666667
0.36 0.64
0.36 0.64
0.42 0.58
0.446666666666667 0.553333333333333
0.443333333333333 0.556666666666667
0.536666666666667 0.463333333333333
0.603333333333333 0.396666666666667
0.456666666666667 0.543333333333333
0.583333333333333 0.416666666666667
0.546666666666667 0.453333333333333
0.433333333333333 0.566666666666667
0.276666666666667 0.723333333333333
0.326666666666667 0.673333333333333
0.48 0.52
0.243333333333333 0.756666666666667
0.696666666666667 0.303333333333333
0.56 0.44
0.343333333333333 0.656666666666667
0.19 0.81
0.293333333333333 0.706666666666667
0.506666666666667 0.493333333333333
0.443333333333333 0.556666666666667
0.77 0.23
0.733333333333333 0.266666666666667
0.806666666666667 0.193333333333333
0.803333333333333 0.196666666666667
0.64 0.36
0.676666666666667 0.323333333333333
0.79 0.21
0.783333333333333 0.216666666666667
0.743333333333333 0.256666666666667
0.603333333333333 0.396666666666667
0.67 0.33
0.713333333333333 0.286666666666667
0.703333333333333 0.296666666666667
0.883333333333333 0.116666666666667
0.67 0.33
0.77 0.23
0.57 0.43
0.533333333333333 0.466666666666667
0.506666666666667 0.493333333333333
0.606666666666667 0.393333333333333
0.76 0.24
0.716666666666667 0.283333333333333
0.726666666666667 0.273333333333333
0.873333333333333 0.126666666666667
0.736666666666667 0.263333333333333
0.773333333333333 0.226666666666667
0.656666666666667 0.343333333333333
0.68 0.32
0.796666666666667 0.203333333333333
0.78 0.22
0.823333333333333 0.176666666666667
0.623333333333333 0.376666666666667
0.686666666666667 0.313333333333333
0.75 0.25
0.56 0.44
0.563333333333333 0.436666666666667
0.26 0.74
0.463333333333333 0.536666666666667
0.783333333333333 0.216666666666667
0.646666666666667 0.353333333333333
0.79 0.21
0.833333333333333 0.166666666666667
0.696666666666667 0.303333333333333
0.76 0.24
0.666666666666667 0.333333333333333
0.743333333333333 0.256666666666667
0.77 0.23
0.686666666666667 0.313333333333333
0.7 0.3
0.936666666666667 0.0633333333333333
0.783333333333333 0.216666666666667
0.756666666666667 0.243333333333333
0.666666666666667 0.333333333333333
0.51 0.49
0.76 0.24
0.653333333333333 0.346666666666667
0.603333333333333 0.396666666666667
0.636666666666667 0.363333333333333
0.476666666666667 0.523333333333333
0.686666666666667 0.313333333333333
0.653333333333333 0.346666666666667
0.743333333333333 0.256666666666667
0.716666666666667 0.283333333333333
0.653333333333333 0.346666666666667
0.66 0.34
0.636666666666667 0.363333333333333
0.753333333333333 0.246666666666667
0.616666666666667 0.383333333333333
0.743333333333333 0.256666666666667
0.546666666666667 0.453333333333333
0.813333333333333 0.186666666666667
0.623333333333333 0.376666666666667
0.706666666666667 0.293333333333333
0.82 0.18
0.566666666666667 0.433333333333333
0.73 0.27
0.7 0.3
0.81 0.19
0.733333333333333 0.266666666666667
0.673333333333333 0.326666666666667
0.846666666666667 0.153333333333333
0.626666666666667 0.373333333333333
0.68 0.32
0.526666666666667 0.473333333333333
0.776666666666667 0.223333333333333
0.733333333333333 0.266666666666667
0.856666666666667 0.143333333333333
0.803333333333333 0.196666666666667
0.796666666666667 0.203333333333333
0.613333333333333 0.386666666666667
0.75 0.25
0.753333333333333 0.246666666666667
0.84 0.16
0.756666666666667 0.243333333333333
0.533333333333333 0.466666666666667
0.646666666666667 0.353333333333333
0.703333333333333 0.296666666666667
0.813333333333333 0.186666666666667
0.776666666666667 0.223333333333333
0.673333333333333 0.326666666666667
0.71 0.29
0.876666666666667 0.123333333333333
0.693333333333333 0.306666666666667
0.773333333333333 0.226666666666667
0.686666666666667 0.313333333333333
0.71 0.29
0.626666666666667 0.373333333333333
0.713333333333333 0.286666666666667
0.69 0.31
0.586666666666667 0.413333333333333
0.876666666666667 0.123333333333333
0.756666666666667 0.243333333333333
0.82 0.18
0.803333333333333 0.196666666666667
0.753333333333333 0.246666666666667
0.643333333333333 0.356666666666667
0.72 0.28
0.79 0.21
0.686666666666667 0.313333333333333
0.766666666666667 0.233333333333333
0.593333333333333 0.406666666666667
0.54 0.46
0.85 0.15
0.606666666666667 0.393333333333333
0.363333333333333 0.636666666666667
0.596666666666667 0.403333333333333
0.71 0.29
0.643333333333333 0.356666666666667
0.626666666666667 0.373333333333333
0.79 0.21
0.526666666666667 0.473333333333333
0.633333333333333 0.366666666666667
0.683333333333333 0.316666666666667
0.76 0.24
0.753333333333333 0.246666666666667
0.826666666666667 0.173333333333333
0.676666666666667 0.323333333333333
0.663333333333333 0.336666666666667
0.81 0.19
0.65 0.35
0.8 0.2
0.74 0.26
0.833333333333333 0.166666666666667
0.79 0.21
0.783333333333333 0.216666666666667
0.803333333333333 0.196666666666667
0.673333333333333 0.326666666666667
0.83 0.17
0.61 0.39
0.81 0.19
0.67 0.33
0.756666666666667 0.243333333333333
0.623333333333333 0.376666666666667
0.74 0.26
0.75 0.25
0.776666666666667 0.223333333333333
0.646666666666667 0.353333333333333
0.79 0.21
0.63 0.37
0.656666666666667 0.343333333333333
0.593333333333333 0.406666666666667
0.736666666666667 0.263333333333333
0.603333333333333 0.396666666666667
0.636666666666667 0.363333333333333
0.76 0.24
0.766666666666667 0.233333333333333
0.76 0.24
0.68 0.32
0.46 0.54
0.793333333333333 0.206666666666667
0.74 0.26
0.806666666666667 0.193333333333333
0.746666666666667 0.253333333333333
0.773333333333333 0.226666666666667
0.776666666666667 0.223333333333333
0.716666666666667 0.283333333333333
0.596666666666667 0.403333333333333
0.4 0.6
0.68 0.32
0.67 0.33
0.64 0.36
0.543333333333333 0.456666666666667
0.41 0.59
0.52 0.48
0.613333333333333 0.386666666666667
0.306666666666667 0.693333333333333
0.703333333333333 0.296666666666667
0.716666666666667 0.283333333333333
0.573333333333333 0.426666666666667
0.726666666666667 0.273333333333333
0.82 0.18
0.783333333333333 0.216666666666667
0.84 0.16
0.716666666666667 0.283333333333333
0.556666666666667 0.443333333333333
0.633333333333333 0.366666666666667
0.566666666666667 0.433333333333333
0.646666666666667 0.353333333333333
0.416666666666667 0.583333333333333
0.73 0.27
0.376666666666667 0.623333333333333
0.636666666666667 0.363333333333333
0.64 0.36
0.53 0.47
0.556666666666667 0.443333333333333
0.746666666666667 0.253333333333333
0.486666666666667 0.513333333333333
0.756666666666667 0.243333333333333
0.706666666666667 0.293333333333333
0.723333333333333 0.276666666666667
0.81 0.19
0.756666666666667 0.243333333333333
0.593333333333333 0.406666666666667
0.76 0.24
0.56 0.44
0.626666666666667 0.373333333333333
0.633333333333333 0.366666666666667
0.563333333333333 0.436666666666667
0.673333333333333 0.326666666666667
0.71 0.29
0.693333333333333 0.306666666666667
0.66 0.34
0.68 0.32
0.596666666666667 0.403333333333333
0.463333333333333 0.536666666666667
0.74 0.26
0.776666666666667 0.223333333333333
0.61 0.39
0.58 0.42
0.773333333333333 0.226666666666667
0.4 0.6
0.36 0.64
0.586666666666667 0.413333333333333
0.666666666666667 0.333333333333333
0.376666666666667 0.623333333333333
0.636666666666667 0.363333333333333
0.503333333333333 0.496666666666667
0.596666666666667 0.403333333333333
0.716666666666667 0.283333333333333
0.216666666666667 0.783333333333333
0.706666666666667 0.293333333333333
0.66 0.34
0.6 0.4
0.506666666666667 0.493333333333333
0.716666666666667 0.283333333333333
0.443333333333333 0.556666666666667
0.373333333333333 0.626666666666667
0.303333333333333 0.696666666666667
0.34 0.66
0.71 0.29
0.583333333333333 0.416666666666667
0.546666666666667 0.453333333333333
0.636666666666667 0.363333333333333
0.42 0.58
0.62 0.38
0.426666666666667 0.573333333333333
0.423333333333333 0.576666666666667
0.476666666666667 0.523333333333333
0.67 0.33
0.48 0.52
0.6 0.4
0.68 0.32
0.123333333333333 0.876666666666667
0.823333333333333 0.176666666666667
0.66 0.34
0.583333333333333 0.416666666666667
0.803333333333333 0.196666666666667
0.546666666666667 0.453333333333333
0.486666666666667 0.513333333333333
0.623333333333333 0.376666666666667
0.383333333333333 0.616666666666667
0.26 0.74
0.33 0.67
0.74 0.26
0.29 0.71
0.68 0.32
0.613333333333333 0.386666666666667
0.586666666666667 0.413333333333333
0.29 0.71
0.24 0.76
0.503333333333333 0.496666666666667
0.53 0.47
0.66 0.34
0.536666666666667 0.463333333333333
0.29 0.71
0.54 0.46
0.666666666666667 0.333333333333333
0.636666666666667 0.363333333333333
0.786666666666667 0.213333333333333
0.543333333333333 0.456666666666667
0.656666666666667 0.343333333333333
0.42 0.58
0.766666666666667 0.233333333333333
0.65 0.35
0.296666666666667 0.703333333333333
0.613333333333333 0.386666666666667
0.63 0.37
0.743333333333333 0.256666666666667
0.206666666666667 0.793333333333333
0.213333333333333 0.786666666666667
0.676666666666667 0.323333333333333
0.756666666666667 0.243333333333333
0.626666666666667 0.373333333333333
0.336666666666667 0.663333333333333
0.64 0.36
0.643333333333333 0.356666666666667
0.593333333333333 0.406666666666667
0.433333333333333 0.566666666666667
0.48 0.52
0.633333333333333 0.366666666666667
0.443333333333333 0.556666666666667
0.266666666666667 0.733333333333333
0.65 0.35
0.66 0.34
0.586666666666667 0.413333333333333
0.75 0.25
0.676666666666667 0.323333333333333
0.603333333333333 0.396666666666667
0.77 0.23
0.326666666666667 0.673333333333333
0.463333333333333 0.536666666666667
0.72 0.28
0.286666666666667 0.713333333333333
0.43 0.57
0.26 0.74
0.653333333333333 0.346666666666667
0.626666666666667 0.373333333333333
0.47 0.53
0.566666666666667 0.433333333333333
0.583333333333333 0.416666666666667
0.493333333333333 0.506666666666667
0.706666666666667 0.293333333333333
0.443333333333333 0.556666666666667
0.64 0.36
0.623333333333333 0.376666666666667
0.8 0.2
0.753333333333333 0.246666666666667
0.693333333333333 0.306666666666667
0.7 0.3
0.536666666666667 0.463333333333333
0.523333333333333 0.476666666666667
0.456666666666667 0.543333333333333
0.576666666666667 0.423333333333333
0.773333333333333 0.226666666666667
0.496666666666667 0.503333333333333
0.28 0.72
0.843333333333333 0.156666666666667
0.673333333333333 0.326666666666667
0.36 0.64
0.56 0.44
0.273333333333333 0.726666666666667
0.416666666666667 0.583333333333333
0.55 0.45
0.576666666666667 0.423333333333333
0.65 0.35
0.643333333333333 0.356666666666667
0.47 0.53
0.566666666666667 0.433333333333333
0.483333333333333 0.516666666666667
0.836666666666667 0.163333333333333
0.62 0.38
0.68 0.32
0.393333333333333 0.606666666666667
0.66 0.34
0.753333333333333 0.246666666666667
0.61 0.39
0.536666666666667 0.463333333333333
0.176666666666667 0.823333333333333
0.4 0.6
0.716666666666667 0.283333333333333
0.32 0.68
0.483333333333333 0.516666666666667
0.373333333333333 0.626666666666667
0.46 0.54
0.42 0.58
0.7 0.3
0.646666666666667 0.353333333333333
0.71 0.29
0.663333333333333 0.336666666666667
0.816666666666667 0.183333333333333
0.743333333333333 0.256666666666667
0.75 0.25
0.606666666666667 0.393333333333333
0.46 0.54
0.843333333333333 0.156666666666667
0.75 0.25
0.643333333333333 0.356666666666667
0.47 0.53
0.506666666666667 0.493333333333333
0.816666666666667 0.183333333333333
0.52 0.48
0.783333333333333 0.216666666666667
0.59 0.41
0.666666666666667 0.333333333333333
0.623333333333333 0.376666666666667
0.543333333333333 0.456666666666667
0.536666666666667 0.463333333333333
0.536666666666667 0.463333333333333
0.56 0.44
0.723333333333333 0.276666666666667
0.523333333333333 0.476666666666667
0.713333333333333 0.286666666666667
0.596666666666667 0.403333333333333
0.613333333333333 0.386666666666667
0.743333333333333 0.256666666666667
0.713333333333333 0.286666666666667
0.78 0.22
0.756666666666667 0.243333333333333
0.726666666666667 0.273333333333333
0.88 0.12
0.716666666666667 0.283333333333333
0.62 0.38
0.436666666666667 0.563333333333333
0.643333333333333 0.356666666666667
0.743333333333333 0.256666666666667
0.736666666666667 0.263333333333333
0.783333333333333 0.216666666666667
0.593333333333333 0.406666666666667
0.59 0.41
0.78 0.22
0.61 0.39
0.646666666666667 0.353333333333333
0.426666666666667 0.573333333333333
0.65 0.35
0.333333333333333 0.666666666666667
0.783333333333333 0.216666666666667
0.673333333333333 0.326666666666667
0.716666666666667 0.283333333333333
0.62 0.38
0.5 0.5
0.653333333333333 0.346666666666667
0.67 0.33
0.786666666666667 0.213333333333333
0.733333333333333 0.266666666666667
0.636666666666667 0.363333333333333
0.616666666666667 0.383333333333333
0.853333333333333 0.146666666666667
0.66 0.34
0.743333333333333 0.256666666666667
0.516666666666667 0.483333333333333
0.726666666666667 0.273333333333333
0.75 0.25
0.756666666666667 0.243333333333333
0.483333333333333 0.516666666666667
0.46 0.54
0.77 0.23
0.51 0.49
0.69 0.31
0.35 0.65
0.54 0.46
0.58 0.42
0.69 0.31
0.62 0.38
0.786666666666667 0.213333333333333
0.773333333333333 0.226666666666667
0.826666666666667 0.173333333333333
0.636666666666667 0.363333333333333
0.723333333333333 0.276666666666667
0.903333333333333 0.0966666666666667
0.67 0.33
0.676666666666667 0.323333333333333
0.756666666666667 0.243333333333333
0.696666666666667 0.303333333333333
0.73 0.27
0.616666666666667 0.383333333333333
0.68 0.32
0.646666666666667 0.353333333333333
0.783333333333333 0.216666666666667
0.68 0.32
0.853333333333333 0.146666666666667
0.79 0.21
0.833333333333333 0.166666666666667
0.82 0.18
0.73 0.27
0.67 0.33
0.59 0.41
0.593333333333333 0.406666666666667
0.63 0.37
0.573333333333333 0.426666666666667
0.74 0.26
0.816666666666667 0.183333333333333
0.433333333333333 0.566666666666667
0.57 0.43
0.583333333333333 0.416666666666667
0.723333333333333 0.276666666666667
0.65 0.35
0.773333333333333 0.226666666666667
0.66 0.34
0.67 0.33
0.616666666666667 0.383333333333333
0.406666666666667 0.593333333333333
0.546666666666667 0.453333333333333
0.31 0.69
0.546666666666667 0.453333333333333
0.81 0.19
0.7 0.3
0.42 0.58
0.506666666666667 0.493333333333333
0.646666666666667 0.353333333333333
0.756666666666667 0.243333333333333
0.543333333333333 0.456666666666667
0.736666666666667 0.263333333333333
0.59 0.41
0.58 0.42
0.583333333333333 0.416666666666667
0.763333333333333 0.236666666666667
0.733333333333333 0.266666666666667
0.726666666666667 0.273333333333333
0.58 0.42
0.78 0.22
0.763333333333333 0.236666666666667
0.743333333333333 0.256666666666667
0.386666666666667 0.613333333333333
0.81 0.19
0.52 0.48
0.703333333333333 0.296666666666667
0.623333333333333 0.376666666666667
0.776666666666667 0.223333333333333
0.446666666666667 0.553333333333333
0.566666666666667 0.433333333333333
0.66 0.34
0.83 0.17
0.733333333333333 0.266666666666667
0.67 0.33
0.646666666666667 0.353333333333333
0.583333333333333 0.416666666666667
0.546666666666667 0.453333333333333
0.7 0.3
0.793333333333333 0.206666666666667
0.446666666666667 0.553333333333333
0.37 0.63
0.663333333333333 0.336666666666667
0.806666666666667 0.193333333333333
0.786666666666667 0.213333333333333
0.806666666666667 0.193333333333333
0.743333333333333 0.256666666666667
0.51 0.49
0.756666666666667 0.243333333333333
0.583333333333333 0.416666666666667
0.736666666666667 0.263333333333333
0.61 0.39
0.65 0.35
0.806666666666667 0.193333333333333
0.643333333333333 0.356666666666667
0.72 0.28
0.816666666666667 0.183333333333333
0.633333333333333 0.366666666666667
0.436666666666667 0.563333333333333
0.3 0.7
0.58 0.42
0.476666666666667 0.523333333333333
0.546666666666667 0.453333333333333
0.726666666666667 0.273333333333333
0.756666666666667 0.243333333333333
0.63 0.37
0.603333333333333 0.396666666666667
0.636666666666667 0.363333333333333
0.593333333333333 0.406666666666667
0.573333333333333 0.426666666666667
0.643333333333333 0.356666666666667
0.663333333333333 0.336666666666667
0.72 0.28
0.516666666666667 0.483333333333333
0.803333333333333 0.196666666666667
0.773333333333333 0.226666666666667
0.603333333333333 0.396666666666667
0.716666666666667 0.283333333333333
0.54 0.46
0.72 0.28
0.56 0.44
0.646666666666667 0.353333333333333
0.693333333333333 0.306666666666667
0.666666666666667 0.333333333333333
0.79 0.21
0.56 0.44
0.64 0.36
0.576666666666667 0.423333333333333
0.683333333333333 0.316666666666667
0.78 0.22
0.726666666666667 0.273333333333333
0.563333333333333 0.436666666666667
0.72 0.28
0.583333333333333 0.416666666666667
0.556666666666667 0.443333333333333
0.583333333333333 0.416666666666667
0.353333333333333 0.646666666666667
0.603333333333333 0.396666666666667
0.493333333333333 0.506666666666667
0.766666666666667 0.233333333333333
0.683333333333333 0.316666666666667
0.776666666666667 0.223333333333333
0.653333333333333 0.346666666666667
0.643333333333333 0.356666666666667
0.816666666666667 0.183333333333333
0.37 0.63
0.71 0.29
0.673333333333333 0.326666666666667
0.593333333333333 0.406666666666667
0.393333333333333 0.606666666666667
0.753333333333333 0.246666666666667
0.823333333333333 0.176666666666667
0.556666666666667 0.443333333333333
0.766666666666667 0.233333333333333
0.546666666666667 0.453333333333333
0.676666666666667 0.323333333333333
0.78 0.22
0.706666666666667 0.293333333333333
0.66 0.34
0.66 0.34
0.606666666666667 0.393333333333333
0.693333333333333 0.306666666666667
0.713333333333333 0.286666666666667
0.663333333333333 0.336666666666667
0.616666666666667 0.383333333333333
0.823333333333333 0.176666666666667
0.293333333333333 0.706666666666667
0.626666666666667 0.373333333333333
0.633333333333333 0.366666666666667
0.82 0.18
0.42 0.58
0.663333333333333 0.336666666666667
0.68 0.32
0.4 0.6
0.556666666666667 0.443333333333333
0.636666666666667 0.363333333333333
0.59 0.41
0.123333333333333 0.876666666666667
0.546666666666667 0.453333333333333
0.253333333333333 0.746666666666667
0.636666666666667 0.363333333333333
0.2 0.8
0.326666666666667 0.673333333333333
0.42 0.58
0.49 0.51
0.523333333333333 0.476666666666667
0.183333333333333 0.816666666666667
0.33 0.67
0.446666666666667 0.553333333333333
0.526666666666667 0.473333333333333
0.2 0.8
0.376666666666667 0.623333333333333
0.38 0.62
0.51 0.49
0.756666666666667 0.243333333333333
0.486666666666667 0.513333333333333
0.476666666666667 0.523333333333333
0.403333333333333 0.596666666666667
0.463333333333333 0.536666666666667
0.75 0.25
0.543333333333333 0.456666666666667
0.313333333333333 0.686666666666667
0.433333333333333 0.566666666666667
0.503333333333333 0.496666666666667
0.673333333333333 0.326666666666667
0.13 0.87
0.366666666666667 0.633333333333333
0.353333333333333 0.646666666666667
0.526666666666667 0.473333333333333
0.366666666666667 0.633333333333333
0.503333333333333 0.496666666666667
0.763333333333333 0.236666666666667
0.473333333333333 0.526666666666667
0.506666666666667 0.493333333333333
0.663333333333333 0.336666666666667
0.67 0.33
0.573333333333333 0.426666666666667
0.653333333333333 0.346666666666667
0.356666666666667 0.643333333333333
0.366666666666667 0.633333333333333
0.323333333333333 0.676666666666667
0.68 0.32
0.213333333333333 0.786666666666667
0.373333333333333 0.626666666666667
0.286666666666667 0.713333333333333
0.736666666666667 0.263333333333333
0.34 0.66
0.366666666666667 0.633333333333333
0.643333333333333 0.356666666666667
0.813333333333333 0.186666666666667
0.826666666666667 0.173333333333333
0.393333333333333 0.606666666666667
0.323333333333333 0.676666666666667
0.286666666666667 0.713333333333333
0.486666666666667 0.513333333333333
0.823333333333333 0.176666666666667
0.26 0.74
0.5 0.5
0.326666666666667 0.673333333333333
0.426666666666667 0.573333333333333
0.226666666666667 0.773333333333333
0.583333333333333 0.416666666666667
0.33 0.67
0.45 0.55
0.66 0.34
0.586666666666667 0.413333333333333
0.54 0.46
0.616666666666667 0.383333333333333
0.69 0.31
0.506666666666667 0.493333333333333
0.566666666666667 0.433333333333333
0.376666666666667 0.623333333333333
0.31 0.69
0.8 0.2
0.236666666666667 0.763333333333333
0.426666666666667 0.573333333333333
0.636666666666667 0.363333333333333
0.403333333333333 0.596666666666667
0.37 0.63
0.63 0.37
0.48 0.52
0.64 0.36
0.396666666666667 0.603333333333333
0.53 0.47
0.266666666666667 0.733333333333333
0.586666666666667 0.413333333333333
0.533333333333333 0.466666666666667
0.366666666666667 0.633333333333333
0.67 0.33
0.663333333333333 0.336666666666667
0.726666666666667 0.273333333333333
0.41 0.59
0.503333333333333 0.496666666666667
0.173333333333333 0.826666666666667
0.513333333333333 0.486666666666667
0.7 0.3
0.433333333333333 0.566666666666667
0.593333333333333 0.406666666666667
0.5 0.5
0.403333333333333 0.596666666666667
0.583333333333333 0.416666666666667
0.816666666666667 0.183333333333333
0.62 0.38
0.603333333333333 0.396666666666667
0.393333333333333 0.606666666666667
0.703333333333333 0.296666666666667
0.826666666666667 0.173333333333333
0.66 0.34
0.566666666666667 0.433333333333333
0.663333333333333 0.336666666666667
0.76 0.24
0.66 0.34
0.51 0.49
0.766666666666667 0.233333333333333
0.643333333333333 0.356666666666667
0.483333333333333 0.516666666666667
0.77 0.23
0.613333333333333 0.386666666666667
0.22 0.78
0.45 0.55
0.62 0.38
0.72 0.28
0.72 0.28
0.673333333333333 0.326666666666667
0.546666666666667 0.453333333333333
0.71 0.29
0.733333333333333 0.266666666666667
0.73 0.27
0.703333333333333 0.296666666666667
0.393333333333333 0.606666666666667
0.736666666666667 0.263333333333333
0.776666666666667 0.223333333333333
0.62 0.38
0.476666666666667 0.523333333333333
0.5 0.5
0.446666666666667 0.553333333333333
0.626666666666667 0.373333333333333
0.69 0.31
0.53 0.47
0.536666666666667 0.463333333333333
0.52 0.48
0.726666666666667 0.273333333333333
0.516666666666667 0.483333333333333
0.653333333333333 0.346666666666667
0.853333333333333 0.146666666666667
0.65 0.35
0.806666666666667 0.193333333333333
0.79 0.21
0.7 0.3
0.606666666666667 0.393333333333333
0.673333333333333 0.326666666666667
0.29 0.71
0.753333333333333 0.246666666666667
0.62 0.38
0.783333333333333 0.216666666666667
0.703333333333333 0.296666666666667
0.796666666666667 0.203333333333333
0.726666666666667 0.273333333333333
0.493333333333333 0.506666666666667
0.546666666666667 0.453333333333333
0.573333333333333 0.426666666666667
0.753333333333333 0.246666666666667
0.456666666666667 0.543333333333333
0.686666666666667 0.313333333333333
0.693333333333333 0.306666666666667
0.683333333333333 0.316666666666667
0.666666666666667 0.333333333333333
0.67 0.33
0.463333333333333 0.536666666666667
0.35 0.65
0.583333333333333 0.416666666666667
0.683333333333333 0.316666666666667
0.576666666666667 0.423333333333333
0.896666666666667 0.103333333333333
0.71 0.29
0.63 0.37
0.38 0.62
0.343333333333333 0.656666666666667
0.48 0.52
0.33 0.67
0.61 0.39
0.756666666666667 0.243333333333333
0.713333333333333 0.286666666666667
0.6 0.4
0.826666666666667 0.173333333333333
0.77 0.23
0.813333333333333 0.186666666666667
0.5 0.5
0.186666666666667 0.813333333333333
0.653333333333333 0.346666666666667
0.823333333333333 0.176666666666667
0.763333333333333 0.236666666666667
0.58 0.42
0.676666666666667 0.323333333333333
0.53 0.47
0.493333333333333 0.506666666666667
0.723333333333333 0.276666666666667
0.623333333333333 0.376666666666667
0.586666666666667 0.413333333333333
0.77 0.23
0.646666666666667 0.353333333333333
0.583333333333333 0.416666666666667
0.6 0.4
0.75 0.25
0.73 0.27
0.566666666666667 0.433333333333333
0.296666666666667 0.703333333333333
0.63 0.37
0.346666666666667 0.653333333333333
0.673333333333333 0.326666666666667
0.703333333333333 0.296666666666667
0.626666666666667 0.373333333333333
0.87 0.13
0.783333333333333 0.216666666666667
0.666666666666667 0.333333333333333
0.57 0.43
0.543333333333333 0.456666666666667
0.5 0.5
0.58 0.42
0.336666666666667 0.663333333333333
0.57 0.43
0.376666666666667 0.623333333333333
0.756666666666667 0.243333333333333
0.593333333333333 0.406666666666667
0.623333333333333 0.376666666666667
0.786666666666667 0.213333333333333
0.39 0.61
0.843333333333333 0.156666666666667
0.643333333333333 0.356666666666667
0.773333333333333 0.226666666666667
0.783333333333333 0.216666666666667
0.85 0.15
0.816666666666667 0.183333333333333
0.713333333333333 0.286666666666667
0.533333333333333 0.466666666666667
0.59 0.41
0.78 0.22
0.726666666666667 0.273333333333333
0.58 0.42
0.726666666666667 0.273333333333333
0.77 0.23
0.76 0.24
0.78 0.22
0.663333333333333 0.336666666666667
0.73 0.27
0.286666666666667 0.713333333333333
0.66 0.34
0.826666666666667 0.173333333333333
0.756666666666667 0.243333333333333
0.763333333333333 0.236666666666667
0.556666666666667 0.443333333333333
0.383333333333333 0.616666666666667
0.666666666666667 0.333333333333333
0.696666666666667 0.303333333333333
0.59 0.41
0.493333333333333 0.506666666666667
0.583333333333333 0.416666666666667
0.71 0.29
0.636666666666667 0.363333333333333
0.766666666666667 0.233333333333333
0.703333333333333 0.296666666666667
0.176666666666667 0.823333333333333
0.71 0.29
0.603333333333333 0.396666666666667
0.683333333333333 0.316666666666667
0.566666666666667 0.433333333333333
0.723333333333333 0.276666666666667
0.426666666666667 0.573333333333333
0.543333333333333 0.456666666666667
0.346666666666667 0.653333333333333
0.426666666666667 0.573333333333333
0.436666666666667 0.563333333333333
0.566666666666667 0.433333333333333
0.736666666666667 0.263333333333333
0.53 0.47
0.676666666666667 0.323333333333333
0.513333333333333 0.486666666666667
0.75 0.25
0.55 0.45
0.376666666666667 0.623333333333333
0.586666666666667 0.413333333333333
0.63 0.37
0.696666666666667 0.303333333333333
0.563333333333333 0.436666666666667
0.483333333333333 0.516666666666667
0.396666666666667 0.603333333333333
0.74 0.26
0.733333333333333 0.266666666666667
0.64 0.36
0.583333333333333 0.416666666666667
0.41 0.59
0.57 0.43
0.603333333333333 0.396666666666667
0.216666666666667 0.783333333333333
0.21 0.79
0.276666666666667 0.723333333333333
0.523333333333333 0.476666666666667
0.673333333333333 0.326666666666667
0.683333333333333 0.316666666666667
0.803333333333333 0.196666666666667
0.216666666666667 0.783333333333333
0.15 0.85
0.66 0.34
0.386666666666667 0.613333333333333
0.666666666666667 0.333333333333333
0.706666666666667 0.293333333333333
0.786666666666667 0.213333333333333
0.593333333333333 0.406666666666667
0.396666666666667 0.603333333333333
0.57 0.43
0.383333333333333 0.616666666666667
0.273333333333333 0.726666666666667
0.606666666666667 0.393333333333333
0.52 0.48
0.363333333333333 0.636666666666667
0.823333333333333 0.176666666666667
0.536666666666667 0.463333333333333
0.363333333333333 0.636666666666667
0.393333333333333 0.606666666666667
0.596666666666667 0.403333333333333
0.576666666666667 0.423333333333333
0.596666666666667 0.403333333333333
0.566666666666667 0.433333333333333
0.423333333333333 0.576666666666667
0.516666666666667 0.483333333333333
0.403333333333333 0.596666666666667
0.27 0.73
0.413333333333333 0.586666666666667
0.736666666666667 0.263333333333333
0.246666666666667 0.753333333333333
0.573333333333333 0.426666666666667
0.52 0.48
0.746666666666667 0.253333333333333
0.513333333333333 0.486666666666667
0.166666666666667 0.833333333333333
0.486666666666667 0.513333333333333
0.37 0.63
0.306666666666667 0.693333333333333
0.393333333333333 0.606666666666667
0.273333333333333 0.726666666666667
0.316666666666667 0.683333333333333
0.73 0.27
0.576666666666667 0.423333333333333
0.323333333333333 0.676666666666667
0.37 0.63
0.56 0.44
0.52 0.48
0.653333333333333 0.346666666666667
0.3 0.7
0.436666666666667 0.563333333333333
0.57 0.43
0.823333333333333 0.176666666666667
0.426666666666667 0.573333333333333
0.683333333333333 0.316666666666667
0.69 0.31
0.72 0.28
0.676666666666667 0.323333333333333
0.68 0.32
0.636666666666667 0.363333333333333
0.446666666666667 0.553333333333333
0.626666666666667 0.373333333333333
0.72 0.28
0.726666666666667 0.273333333333333
0.753333333333333 0.246666666666667
0.496666666666667 0.503333333333333
0.213333333333333 0.786666666666667
0.556666666666667 0.443333333333333
0.52 0.48
0.423333333333333 0.576666666666667
0.253333333333333 0.746666666666667
0.76 0.24
0.45 0.55
0.243333333333333 0.756666666666667
0.536666666666667 0.463333333333333
0.706666666666667 0.293333333333333
0.53 0.47
0.39 0.61
0.34 0.66
0.466666666666667 0.533333333333333
0.636666666666667 0.363333333333333
0.57 0.43
0.393333333333333 0.606666666666667
0.733333333333333 0.266666666666667
0.663333333333333 0.336666666666667
0.33 0.67
0.243333333333333 0.756666666666667
0.653333333333333 0.346666666666667
0.496666666666667 0.503333333333333
0.693333333333333 0.306666666666667
0.523333333333333 0.476666666666667
0.613333333333333 0.386666666666667
0.726666666666667 0.273333333333333
0.663333333333333 0.336666666666667
0.66 0.34
0.586666666666667 0.413333333333333
0.243333333333333 0.756666666666667
0.603333333333333 0.396666666666667
0.476666666666667 0.523333333333333
0.786666666666667 0.213333333333333
0.56 0.44
0.676666666666667 0.323333333333333
0.68 0.32
0.69 0.31
0.713333333333333 0.286666666666667
0.71 0.29
0.66 0.34
0.676666666666667 0.323333333333333
0.52 0.48
0.67 0.33
0.57 0.43
0.62 0.38
0.733333333333333 0.266666666666667
0.583333333333333 0.416666666666667
0.746666666666667 0.253333333333333
0.706666666666667 0.293333333333333
0.56 0.44
0.566666666666667 0.433333333333333
0.59 0.41
0.706666666666667 0.293333333333333
0.713333333333333 0.286666666666667
0.69 0.31
0.71 0.29
0.54 0.46
0.706666666666667 0.293333333333333
0.67 0.33
0.563333333333333 0.436666666666667
0.72 0.28
0.803333333333333 0.196666666666667
0.463333333333333 0.536666666666667
0.556666666666667 0.443333333333333
0.743333333333333 0.256666666666667
0.746666666666667 0.253333333333333
0.533333333333333 0.466666666666667
0.75 0.25
0.8 0.2
0.743333333333333 0.256666666666667
0.77 0.23
0.683333333333333 0.316666666666667
0.69 0.31
0.666666666666667 0.333333333333333
0.616666666666667 0.383333333333333
0.65 0.35
0.69 0.31
0.733333333333333 0.266666666666667
0.666666666666667 0.333333333333333
0.586666666666667 0.413333333333333
0.68 0.32
0.703333333333333 0.296666666666667
0.576666666666667 0.423333333333333
0.62 0.38
0.703333333333333 0.296666666666667
0.49 0.51
0.803333333333333 0.196666666666667
0.763333333333333 0.236666666666667
0.69 0.31
0.65 0.35
0.583333333333333 0.416666666666667
0.356666666666667 0.643333333333333
0.61 0.39
0.67 0.33
0.5 0.5
0.623333333333333 0.376666666666667
0.6 0.4
0.74 0.26
0.766666666666667 0.233333333333333
0.743333333333333 0.256666666666667
0.71 0.29
0.533333333333333 0.466666666666667
0.276666666666667 0.723333333333333
0.783333333333333 0.216666666666667
0.796666666666667 0.203333333333333
0.783333333333333 0.216666666666667
0.81 0.19
0.583333333333333 0.416666666666667
0.663333333333333 0.336666666666667
0.556666666666667 0.443333333333333
0.65 0.35
0.813333333333333 0.186666666666667
0.623333333333333 0.376666666666667
0.496666666666667 0.503333333333333
0.643333333333333 0.356666666666667
0.62 0.38
0.683333333333333 0.316666666666667
0.54 0.46
0.63 0.37
0.67 0.33
0.616666666666667 0.383333333333333
0.663333333333333 0.336666666666667
0.8 0.2
0.703333333333333 0.296666666666667
0.673333333333333 0.326666666666667
0.716666666666667 0.283333333333333
0.653333333333333 0.346666666666667
0.546666666666667 0.453333333333333
0.773333333333333 0.226666666666667
0.753333333333333 0.246666666666667
0.823333333333333 0.176666666666667
0.816666666666667 0.183333333333333
0.653333333333333 0.346666666666667
0.753333333333333 0.246666666666667
0.683333333333333 0.316666666666667
0.506666666666667 0.493333333333333
0.71 0.29
0.74 0.26
0.64 0.36
0.663333333333333 0.336666666666667
0.343333333333333 0.656666666666667
0.51 0.49
0.653333333333333 0.346666666666667
0.656666666666667 0.343333333333333
0.656666666666667 0.343333333333333
0.72 0.28
0.623333333333333 0.376666666666667
0.55 0.45
0.45 0.55
0.556666666666667 0.443333333333333
0.496666666666667 0.503333333333333
0.673333333333333 0.326666666666667
0.726666666666667 0.273333333333333
0.58 0.42
0.783333333333333 0.216666666666667
0.57 0.43
0.68 0.32
0.686666666666667 0.313333333333333
0.716666666666667 0.283333333333333
0.733333333333333 0.266666666666667
0.343333333333333 0.656666666666667
0.68 0.32
0.386666666666667 0.613333333333333
0.39 0.61
0.743333333333333 0.256666666666667
0.716666666666667 0.283333333333333
0.536666666666667 0.463333333333333
0.686666666666667 0.313333333333333
0.716666666666667 0.283333333333333
0.636666666666667 0.363333333333333
0.763333333333333 0.236666666666667
0.663333333333333 0.336666666666667
0.74 0.26
0.52 0.48
0.446666666666667 0.553333333333333
0.72 0.28
0.703333333333333 0.296666666666667
0.726666666666667 0.273333333333333
0.463333333333333 0.536666666666667
0.473333333333333 0.526666666666667
0.553333333333333 0.446666666666667
0.763333333333333 0.236666666666667
0.663333333333333 0.336666666666667
0.58 0.42
0.553333333333333 0.446666666666667
0.76 0.24
0.606666666666667 0.393333333333333
0.773333333333333 0.226666666666667
0.68 0.32
0.56 0.44
0.763333333333333 0.236666666666667
0.493333333333333 0.506666666666667
0.553333333333333 0.446666666666667
0.743333333333333 0.256666666666667
0.78 0.22
0.636666666666667 0.363333333333333
0.38 0.62
0.556666666666667 0.443333333333333
0.69 0.31
0.833333333333333 0.166666666666667
0.603333333333333 0.396666666666667
0.736666666666667 0.263333333333333
0.823333333333333 0.176666666666667
0.76 0.24
0.46 0.54
0.46 0.54
0.596666666666667 0.403333333333333
0.576666666666667 0.423333333333333
0.556666666666667 0.443333333333333
0.49 0.51
0.746666666666667 0.253333333333333
0.676666666666667 0.323333333333333
0.483333333333333 0.516666666666667
0.706666666666667 0.293333333333333
0.753333333333333 0.246666666666667
0.67 0.33
0.6 0.4
0.65 0.35
0.606666666666667 0.393333333333333
0.673333333333333 0.326666666666667
0.653333333333333 0.346666666666667
0.72 0.28
0.283333333333333 0.716666666666667
0.5 0.5
0.71 0.29
0.643333333333333 0.356666666666667
0.7 0.3
0.713333333333333 0.286666666666667
0.56 0.44
0.593333333333333 0.406666666666667
0.72 0.28
0.81 0.19
0.756666666666667 0.243333333333333
0.726666666666667 0.273333333333333
0.633333333333333 0.366666666666667
0.546666666666667 0.453333333333333
0.763333333333333 0.236666666666667
0.54 0.46
0.716666666666667 0.283333333333333
0.586666666666667 0.413333333333333
0.573333333333333 0.426666666666667
0.49 0.51
0.666666666666667 0.333333333333333
0.663333333333333 0.336666666666667
0.656666666666667 0.343333333333333
0.653333333333333 0.346666666666667
0.58 0.42
0.626666666666667 0.373333333333333
0.34 0.66
0.64 0.36
0.67 0.33
0.693333333333333 0.306666666666667
0.81 0.19
0.803333333333333 0.196666666666667
0.643333333333333 0.356666666666667
0.79 0.21
0.73 0.27
0.606666666666667 0.393333333333333
0.693333333333333 0.306666666666667
0.756666666666667 0.243333333333333
0.74 0.26
0.783333333333333 0.216666666666667
0.64 0.36
0.67 0.33
0.603333333333333 0.396666666666667
0.65 0.35
0.236666666666667 0.763333333333333
0.62 0.38
0.356666666666667 0.643333333333333
0.65 0.35
0.563333333333333 0.436666666666667
0.46 0.54
0.353333333333333 0.646666666666667
0.873333333333333 0.126666666666667
0.363333333333333 0.636666666666667
0.546666666666667 0.453333333333333
0.693333333333333 0.306666666666667
0.34 0.66
0.55 0.45
0.64 0.36
0.526666666666667 0.473333333333333
0.383333333333333 0.616666666666667
0.666666666666667 0.333333333333333
0.723333333333333 0.276666666666667
0.28 0.72
0.273333333333333 0.726666666666667
0.783333333333333 0.216666666666667
0.32 0.68
0.743333333333333 0.256666666666667
0.44 0.56
0.673333333333333 0.326666666666667
0.466666666666667 0.533333333333333
0.486666666666667 0.513333333333333
0.32 0.68
0.57 0.43
0.62 0.38
0.566666666666667 0.433333333333333
0.7 0.3
0.68 0.32
0.353333333333333 0.646666666666667
0.233333333333333 0.766666666666667
0.293333333333333 0.706666666666667
0.443333333333333 0.556666666666667
0.663333333333333 0.336666666666667
0.723333333333333 0.276666666666667
0.693333333333333 0.306666666666667
0.57 0.43
0.343333333333333 0.656666666666667
0.58 0.42
0.246666666666667 0.753333333333333
0.283333333333333 0.716666666666667
0.573333333333333 0.426666666666667
0.596666666666667 0.403333333333333
0.633333333333333 0.366666666666667
0.643333333333333 0.356666666666667
0.336666666666667 0.663333333333333
0.516666666666667 0.483333333333333
0.356666666666667 0.643333333333333
0.46 0.54
0.673333333333333 0.326666666666667
0.556666666666667 0.443333333333333
0.63 0.37
0.646666666666667 0.353333333333333
0.613333333333333 0.386666666666667
0.273333333333333 0.726666666666667
0.826666666666667 0.173333333333333
0.786666666666667 0.213333333333333
0.246666666666667 0.753333333333333
0.656666666666667 0.343333333333333
0.773333333333333 0.226666666666667
0.72 0.28
0.686666666666667 0.313333333333333
0.62 0.38
0.626666666666667 0.373333333333333
0.653333333333333 0.346666666666667
0.466666666666667 0.533333333333333
0.34 0.66
0.413333333333333 0.586666666666667
0.573333333333333 0.426666666666667
0.253333333333333 0.746666666666667
0.496666666666667 0.503333333333333
0.443333333333333 0.556666666666667
0.393333333333333 0.606666666666667
0.716666666666667 0.283333333333333
0.656666666666667 0.343333333333333
0.51 0.49
0.63 0.37
0.263333333333333 0.736666666666667
0.403333333333333 0.596666666666667
0.74 0.26
0.653333333333333 0.346666666666667
0.64 0.36
0.756666666666667 0.243333333333333
0.243333333333333 0.756666666666667
0.626666666666667 0.373333333333333
0.486666666666667 0.513333333333333
0.356666666666667 0.643333333333333
0.656666666666667 0.343333333333333
0.436666666666667 0.563333333333333
0.256666666666667 0.743333333333333
0.57 0.43
0.733333333333333 0.266666666666667
0.21 0.79
0.496666666666667 0.503333333333333
0.723333333333333 0.276666666666667
0.61 0.39
0.61 0.39
0.593333333333333 0.406666666666667
0.316666666666667 0.683333333333333
0.34 0.66
0.76 0.24
0.736666666666667 0.263333333333333
0.606666666666667 0.393333333333333
0.643333333333333 0.356666666666667
0.636666666666667 0.363333333333333
0.616666666666667 0.383333333333333
0.643333333333333 0.356666666666667
0.783333333333333 0.216666666666667
0.73 0.27
0.613333333333333 0.386666666666667
0.773333333333333 0.226666666666667
0.676666666666667 0.323333333333333
0.44 0.56
0.676666666666667 0.323333333333333
0.556666666666667 0.443333333333333
0.71 0.29
0.333333333333333 0.666666666666667
0.806666666666667 0.193333333333333
0.723333333333333 0.276666666666667
0.813333333333333 0.186666666666667
0.723333333333333 0.276666666666667
0.643333333333333 0.356666666666667
0.516666666666667 0.483333333333333
0.636666666666667 0.363333333333333
0.696666666666667 0.303333333333333
0.52 0.48
0.43 0.57
0.763333333333333 0.236666666666667
0.68 0.32
0.293333333333333 0.706666666666667
0.41 0.59
0.346666666666667 0.653333333333333
0.583333333333333 0.416666666666667
0.623333333333333 0.376666666666667
0.556666666666667 0.443333333333333
0.826666666666667 0.173333333333333
0.823333333333333 0.176666666666667
0.69 0.31
0.74 0.26
0.77 0.23
0.536666666666667 0.463333333333333
0.753333333333333 0.246666666666667
0.6 0.4
0.636666666666667 0.363333333333333
0.816666666666667 0.183333333333333
0.646666666666667 0.353333333333333
0.626666666666667 0.373333333333333
0.656666666666667 0.343333333333333
0.57 0.43
0.713333333333333 0.286666666666667
0.7 0.3
0.54 0.46
0.67 0.33
0.766666666666667 0.233333333333333
0.47 0.53
0.556666666666667 0.443333333333333
0.603333333333333 0.396666666666667
0.473333333333333 0.526666666666667
0.253333333333333 0.746666666666667
0.696666666666667 0.303333333333333
0.516666666666667 0.483333333333333
0.633333333333333 0.366666666666667
0.74 0.26
0.696666666666667 0.303333333333333
0.533333333333333 0.466666666666667
0.576666666666667 0.423333333333333
0.803333333333333 0.196666666666667
0.65 0.35
0.433333333333333 0.566666666666667
0.643333333333333 0.356666666666667
0.67 0.33
0.773333333333333 0.226666666666667
0.62 0.38
0.536666666666667 0.463333333333333
0.54 0.46
0.406666666666667 0.593333333333333
0.57 0.43
0.546666666666667 0.453333333333333
0.783333333333333 0.216666666666667
0.593333333333333 0.406666666666667
0.48 0.52
0.703333333333333 0.296666666666667
0.646666666666667 0.353333333333333
0.663333333333333 0.336666666666667
0.623333333333333 0.376666666666667
0.703333333333333 0.296666666666667
0.603333333333333 0.396666666666667
0.743333333333333 0.256666666666667
0.71 0.29
0.686666666666667 0.313333333333333
0.44 0.56
0.736666666666667 0.263333333333333
0.616666666666667 0.383333333333333
0.673333333333333 0.326666666666667
0.72 0.28
0.62 0.38
0.446666666666667 0.553333333333333
0.716666666666667 0.283333333333333
0.666666666666667 0.333333333333333
0.666666666666667 0.333333333333333
0.78 0.22
0.596666666666667 0.403333333333333
0.73 0.27
0.72 0.28
0.726666666666667 0.273333333333333
0.803333333333333 0.196666666666667
0.793333333333333 0.206666666666667
0.806666666666667 0.193333333333333
0.68 0.32
0.616666666666667 0.383333333333333
0.716666666666667 0.283333333333333
0.726666666666667 0.273333333333333
0.75 0.25
0.706666666666667 0.293333333333333
0.766666666666667 0.233333333333333
0.476666666666667 0.523333333333333
0.713333333333333 0.286666666666667
0.6 0.4
0.383333333333333 0.616666666666667
0.656666666666667 0.343333333333333
0.396666666666667 0.603333333333333
0.703333333333333 0.296666666666667
0.46 0.54
0.78 0.22
0.74 0.26
0.703333333333333 0.296666666666667
0.47 0.53
0.74 0.26
0.69 0.31
0.46 0.54
0.686666666666667 0.313333333333333
0.466666666666667 0.533333333333333
0.713333333333333 0.286666666666667
0.49 0.51
0.636666666666667 0.363333333333333
0.483333333333333 0.516666666666667
0.69 0.31
0.71 0.29
0.616666666666667 0.383333333333333
0.73 0.27
0.663333333333333 0.336666666666667
0.653333333333333 0.346666666666667
0.806666666666667 0.193333333333333
0.746666666666667 0.253333333333333
0.78 0.22
0.746666666666667 0.253333333333333
0.84 0.16
0.763333333333333 0.236666666666667
0.733333333333333 0.266666666666667
0.663333333333333 0.336666666666667
0.56 0.44
0.856666666666667 0.143333333333333
0.483333333333333 0.516666666666667
0.576666666666667 0.423333333333333
0.34 0.66
0.396666666666667 0.603333333333333
0.756666666666667 0.243333333333333
0.723333333333333 0.276666666666667
0.636666666666667 0.363333333333333
0.68 0.32
0.56 0.44
0.776666666666667 0.223333333333333
0.526666666666667 0.473333333333333
0.67 0.33
0.733333333333333 0.266666666666667
0.776666666666667 0.223333333333333
0.58 0.42
0.63 0.37
0.613333333333333 0.386666666666667
0.666666666666667 0.333333333333333
0.716666666666667 0.283333333333333
0.526666666666667 0.473333333333333
0.726666666666667 0.273333333333333
0.573333333333333 0.426666666666667
0.75 0.25
0.79 0.21
0.49 0.51
0.406666666666667 0.593333333333333
0.446666666666667 0.553333333333333
0.363333333333333 0.636666666666667
0.65 0.35
0.406666666666667 0.593333333333333
0.43 0.57
0.463333333333333 0.536666666666667
0.21 0.79
0.476666666666667 0.523333333333333
0.366666666666667 0.633333333333333
0.22 0.78
0.776666666666667 0.223333333333333
0.696666666666667 0.303333333333333
0.623333333333333 0.376666666666667
0.75 0.25
0.303333333333333 0.696666666666667
0.226666666666667 0.773333333333333
0.413333333333333 0.586666666666667
0.486666666666667 0.513333333333333
0.56 0.44
0.553333333333333 0.446666666666667
0.646666666666667 0.353333333333333
0.56 0.44
0.626666666666667 0.373333333333333
0.593333333333333 0.406666666666667
0.423333333333333 0.576666666666667
0.566666666666667 0.433333333333333
0.573333333333333 0.426666666666667
0.35 0.65
0.793333333333333 0.206666666666667
0.656666666666667 0.343333333333333
0.47 0.53
0.433333333333333 0.566666666666667
0.666666666666667 0.333333333333333
0.32 0.68
0.596666666666667 0.403333333333333
0.553333333333333 0.446666666666667
0.593333333333333 0.406666666666667
0.583333333333333 0.416666666666667
0.376666666666667 0.623333333333333
0.45 0.55
0.396666666666667 0.603333333333333
0.596666666666667 0.403333333333333
0.316666666666667 0.683333333333333
0.4 0.6
0.336666666666667 0.663333333333333
0.543333333333333 0.456666666666667
0.53 0.47
0.4 0.6
0.766666666666667 0.233333333333333
0.503333333333333 0.496666666666667
0.54 0.46
0.35 0.65
0.306666666666667 0.693333333333333
0.556666666666667 0.443333333333333
0.446666666666667 0.553333333333333
0.413333333333333 0.586666666666667
0.7 0.3
0.596666666666667 0.403333333333333
0.803333333333333 0.196666666666667
0.456666666666667 0.543333333333333
0.54 0.46
0.69 0.31
0.503333333333333 0.496666666666667
0.39 0.61
0.59 0.41
0.456666666666667 0.543333333333333
0.34 0.66
0.67 0.33
0.61 0.39
0.4 0.6
0.353333333333333 0.646666666666667
0.556666666666667 0.443333333333333
0.573333333333333 0.426666666666667
0.63 0.37
0.313333333333333 0.686666666666667
0.516666666666667 0.483333333333333
0.7 0.3
0.643333333333333 0.356666666666667
0.553333333333333 0.446666666666667
0.626666666666667 0.373333333333333
0.606666666666667 0.393333333333333
0.586666666666667 0.413333333333333
0.34 0.66
0.366666666666667 0.633333333333333
0.306666666666667 0.693333333333333
0.68 0.32
0.643333333333333 0.356666666666667
0.486666666666667 0.513333333333333
0.703333333333333 0.296666666666667
0.686666666666667 0.313333333333333
0.553333333333333 0.446666666666667
0.356666666666667 0.643333333333333
0.55 0.45
0.586666666666667 0.413333333333333
0.403333333333333 0.596666666666667
0.493333333333333 0.506666666666667
0.613333333333333 0.386666666666667
0.653333333333333 0.346666666666667
0.57 0.43
0.533333333333333 0.466666666666667
0.54 0.46
0.366666666666667 0.633333333333333
0.456666666666667 0.543333333333333
0.676666666666667 0.323333333333333
0.66 0.34
0.68 0.32
0.55 0.45
0.693333333333333 0.306666666666667
0.523333333333333 0.476666666666667
0.58 0.42
0.56 0.44
0.613333333333333 0.386666666666667
0.576666666666667 0.423333333333333
0.363333333333333 0.636666666666667
0.673333333333333 0.326666666666667
0.226666666666667 0.773333333333333
0.656666666666667 0.343333333333333
0.57 0.43
0.636666666666667 0.363333333333333
0.71 0.29
0.586666666666667 0.413333333333333
0.703333333333333 0.296666666666667
0.56 0.44
0.703333333333333 0.296666666666667
0.56 0.44
0.69 0.31
0.633333333333333 0.366666666666667
0.816666666666667 0.183333333333333
0.583333333333333 0.416666666666667
0.823333333333333 0.176666666666667
0.643333333333333 0.356666666666667
0.82 0.18
0.49 0.51
0.543333333333333 0.456666666666667
0.606666666666667 0.393333333333333
0.68 0.32
0.636666666666667 0.363333333333333
0.586666666666667 0.413333333333333
0.773333333333333 0.226666666666667
0.723333333333333 0.276666666666667
0.48 0.52
0.703333333333333 0.296666666666667
0.51 0.49
0.75 0.25
0.68 0.32
0.7 0.3
0.47 0.53
0.743333333333333 0.256666666666667
0.546666666666667 0.453333333333333
0.55 0.45
0.586666666666667 0.413333333333333
0.716666666666667 0.283333333333333
0.673333333333333 0.326666666666667
0.843333333333333 0.156666666666667
0.616666666666667 0.383333333333333
0.61 0.39
0.733333333333333 0.266666666666667
0.716666666666667 0.283333333333333
0.653333333333333 0.346666666666667
0.75 0.25
0.77 0.23
0.576666666666667 0.423333333333333
0.693333333333333 0.306666666666667
0.67 0.33
0.81 0.19
0.576666666666667 0.423333333333333
0.683333333333333 0.316666666666667
0.61 0.39
0.683333333333333 0.316666666666667
0.653333333333333 0.346666666666667
0.793333333333333 0.206666666666667
0.783333333333333 0.216666666666667
0.64 0.36
0.58 0.42
0.81 0.19
0.39 0.61
0.666666666666667 0.333333333333333
0.656666666666667 0.343333333333333
0.716666666666667 0.283333333333333
0.65 0.35
0.703333333333333 0.296666666666667
0.763333333333333 0.236666666666667
0.416666666666667 0.583333333333333
0.716666666666667 0.283333333333333
0.76 0.24
0.75 0.25
0.75 0.25
0.686666666666667 0.313333333333333
0.416666666666667 0.583333333333333
0.77 0.23
0.713333333333333 0.286666666666667
0.566666666666667 0.433333333333333
0.673333333333333 0.326666666666667
0.546666666666667 0.453333333333333
0.663333333333333 0.336666666666667
0.566666666666667 0.433333333333333
0.686666666666667 0.313333333333333
0.616666666666667 0.383333333333333
0.533333333333333 0.466666666666667
0.6 0.4
0.68 0.32
0.806666666666667 0.193333333333333
0.616666666666667 0.383333333333333
0.65 0.35
0.583333333333333 0.416666666666667
0.73 0.27
0.62 0.38
0.64 0.36
0.573333333333333 0.426666666666667
0.7 0.3
0.736666666666667 0.263333333333333
0.613333333333333 0.386666666666667
0.64 0.36
0.703333333333333 0.296666666666667
0.646666666666667 0.353333333333333
0.723333333333333 0.276666666666667
0.753333333333333 0.246666666666667
0.79 0.21
0.206666666666667 0.793333333333333
0.686666666666667 0.313333333333333
0.736666666666667 0.263333333333333
0.743333333333333 0.256666666666667
0.676666666666667 0.323333333333333
0.626666666666667 0.373333333333333
0.616666666666667 0.383333333333333
0.456666666666667 0.543333333333333
0.57 0.43
0.62 0.38
0.66 0.34
0.243333333333333 0.756666666666667
0.63 0.37
0.576666666666667 0.423333333333333
0.723333333333333 0.276666666666667
0.803333333333333 0.196666666666667
0.56 0.44
0.496666666666667 0.503333333333333
0.643333333333333 0.356666666666667
0.516666666666667 0.483333333333333
0.563333333333333 0.436666666666667
0.646666666666667 0.353333333333333
0.67 0.33
0.676666666666667 0.323333333333333
0.623333333333333 0.376666666666667
0.506666666666667 0.493333333333333
0.513333333333333 0.486666666666667
0.603333333333333 0.396666666666667
0.653333333333333 0.346666666666667
0.283333333333333 0.716666666666667
0.503333333333333 0.496666666666667
0.596666666666667 0.403333333333333
0.673333333333333 0.326666666666667
0.666666666666667 0.333333333333333
0.66 0.34
0.6 0.4
0.723333333333333 0.276666666666667
0.533333333333333 0.466666666666667
0.583333333333333 0.416666666666667
0.67 0.33
0.63 0.37
0.593333333333333 0.406666666666667
0.64 0.36
0.63 0.37
0.613333333333333 0.386666666666667
0.503333333333333 0.496666666666667
0.573333333333333 0.426666666666667
0.716666666666667 0.283333333333333
0.543333333333333 0.456666666666667
0.593333333333333 0.406666666666667
0.48 0.52
0.55 0.45
0.696666666666667 0.303333333333333
0.52 0.48
0.526666666666667 0.473333333333333
0.586666666666667 0.413333333333333
0.633333333333333 0.366666666666667
0.486666666666667 0.513333333333333
0.493333333333333 0.506666666666667
0.583333333333333 0.416666666666667
0.623333333333333 0.376666666666667
0.596666666666667 0.403333333333333
0.61 0.39
0.66 0.34
0.54 0.46
0.47 0.53
0.773333333333333 0.226666666666667
0.616666666666667 0.383333333333333
0.64 0.36
0.716666666666667 0.283333333333333
0.786666666666667 0.213333333333333
0.63 0.37
0.723333333333333 0.276666666666667
0.66 0.34
0.683333333333333 0.316666666666667
0.743333333333333 0.256666666666667
0.283333333333333 0.716666666666667
0.543333333333333 0.456666666666667
0.77 0.23
0.64 0.36
0.776666666666667 0.223333333333333
0.503333333333333 0.496666666666667
0.34 0.66
0.67 0.33
0.46 0.54
0.703333333333333 0.296666666666667
0.683333333333333 0.316666666666667
0.466666666666667 0.533333333333333
0.753333333333333 0.246666666666667
0.69 0.31
0.54 0.46
0.603333333333333 0.396666666666667
0.703333333333333 0.296666666666667
0.4 0.6
0.653333333333333 0.346666666666667
0.53 0.47
0.65 0.35
0.47 0.53
0.66 0.34
0.403333333333333 0.596666666666667
0.6 0.4
0.55 0.45
0.736666666666667 0.263333333333333
0.296666666666667 0.703333333333333
0.34 0.66
0.713333333333333 0.286666666666667
0.703333333333333 0.296666666666667
0.386666666666667 0.613333333333333
0.69 0.31
0.41 0.59
0.79 0.21
0.703333333333333 0.296666666666667
0.656666666666667 0.343333333333333
0.35 0.65
0.313333333333333 0.686666666666667
0.256666666666667 0.743333333333333
0.616666666666667 0.383333333333333
0.64 0.36
0.72 0.28
0.693333333333333 0.306666666666667
0.713333333333333 0.286666666666667
0.683333333333333 0.316666666666667
0.613333333333333 0.386666666666667
0.243333333333333 0.756666666666667
0.29 0.71
0.316666666666667 0.683333333333333
0.293333333333333 0.706666666666667
0.243333333333333 0.756666666666667
0.63 0.37
0.63 0.37
0.773333333333333 0.226666666666667
0.51 0.49
0.533333333333333 0.466666666666667
0.526666666666667 0.473333333333333
0.396666666666667 0.603333333333333
0.386666666666667 0.613333333333333
0.796666666666667 0.203333333333333
0.36 0.64
0.316666666666667 0.683333333333333
0.316666666666667 0.683333333333333
0.303333333333333 0.696666666666667
0.446666666666667 0.553333333333333
0.683333333333333 0.316666666666667
0.543333333333333 0.456666666666667
0.77 0.23
0.613333333333333 0.386666666666667
0.573333333333333 0.426666666666667
0.64 0.36
0.353333333333333 0.646666666666667
0.49 0.51
0.33 0.67
0.51 0.49
0.596666666666667 0.403333333333333
0.84 0.16
0.703333333333333 0.296666666666667
0.61 0.39
0.43 0.57
0.513333333333333 0.486666666666667
0.393333333333333 0.606666666666667
0.376666666666667 0.623333333333333
0.35 0.65
0.206666666666667 0.793333333333333
0.376666666666667 0.623333333333333
0.636666666666667 0.363333333333333
0.756666666666667 0.243333333333333
0.246666666666667 0.753333333333333
0.48 0.52
0.33 0.67
0.37 0.63
0.763333333333333 0.236666666666667
0.286666666666667 0.713333333333333
0.366666666666667 0.633333333333333
0.693333333333333 0.306666666666667
0.65 0.35
0.32 0.68
0.49 0.51
0.646666666666667 0.353333333333333
0.38 0.62
0.586666666666667 0.413333333333333
0.556666666666667 0.443333333333333
0.243333333333333 0.756666666666667
0.306666666666667 0.693333333333333
0.43 0.57
0.71 0.29
0.556666666666667 0.443333333333333
0.636666666666667 0.363333333333333
0.436666666666667 0.563333333333333
0.546666666666667 0.453333333333333
0.66 0.34
0.606666666666667 0.393333333333333
0.556666666666667 0.443333333333333
0.623333333333333 0.376666666666667
0.49 0.51
0.303333333333333 0.696666666666667
0.41 0.59
0.423333333333333 0.576666666666667
0.723333333333333 0.276666666666667
0.673333333333333 0.326666666666667
0.676666666666667 0.323333333333333
0.456666666666667 0.543333333333333
0.526666666666667 0.473333333333333
0.69 0.31
0.293333333333333 0.706666666666667
0.54 0.46
0.57 0.43
0.64 0.36
0.533333333333333 0.466666666666667
0.58 0.42
0.29 0.71
0.296666666666667 0.703333333333333
0.336666666666667 0.663333333333333
0.353333333333333 0.646666666666667
0.34 0.66
0.31 0.69
0.716666666666667 0.283333333333333
0.25 0.75
0.68 0.32
0.403333333333333 0.596666666666667
0.766666666666667 0.233333333333333
0.643333333333333 0.356666666666667
0.633333333333333 0.366666666666667
0.78 0.22
0.543333333333333 0.456666666666667
0.513333333333333 0.486666666666667
0.5 0.5
0.736666666666667 0.263333333333333
0.763333333333333 0.236666666666667
0.54 0.46
0.64 0.36
0.683333333333333 0.316666666666667
0.65 0.35
0.62 0.38
0.676666666666667 0.323333333333333
0.48 0.52
0.673333333333333 0.326666666666667
0.663333333333333 0.336666666666667
0.59 0.41
0.826666666666667 0.173333333333333
0.703333333333333 0.296666666666667
0.45 0.55
0.743333333333333 0.256666666666667
0.65 0.35
0.706666666666667 0.293333333333333
0.806666666666667 0.193333333333333
0.693333333333333 0.306666666666667
0.64 0.36
0.73 0.27
0.746666666666667 0.253333333333333
0.523333333333333 0.476666666666667
0.773333333333333 0.226666666666667
0.613333333333333 0.386666666666667
0.536666666666667 0.463333333333333
0.65 0.35
0.576666666666667 0.423333333333333
0.756666666666667 0.243333333333333
0.66 0.34
0.55 0.45
0.773333333333333 0.226666666666667
0.706666666666667 0.293333333333333
0.723333333333333 0.276666666666667
0.613333333333333 0.386666666666667
0.763333333333333 0.236666666666667
0.863333333333333 0.136666666666667
0.686666666666667 0.313333333333333
0.7 0.3
0.64 0.36
0.76 0.24
0.816666666666667 0.183333333333333
0.706666666666667 0.293333333333333
0.703333333333333 0.296666666666667
0.24 0.76
0.75 0.25
0.756666666666667 0.243333333333333
0.686666666666667 0.313333333333333
0.7 0.3
0.64 0.36
0.773333333333333 0.226666666666667
0.57 0.43
0.64 0.36
0.563333333333333 0.436666666666667
0.74 0.26
0.843333333333333 0.156666666666667
0.653333333333333 0.346666666666667
0.593333333333333 0.406666666666667
0.646666666666667 0.353333333333333
0.746666666666667 0.253333333333333
0.696666666666667 0.303333333333333
0.703333333333333 0.296666666666667
0.713333333333333 0.286666666666667
0.696666666666667 0.303333333333333
0.336666666666667 0.663333333333333
0.366666666666667 0.633333333333333
0.77 0.23
0.73 0.27
0.756666666666667 0.243333333333333
0.673333333333333 0.326666666666667
0.606666666666667 0.393333333333333
0.566666666666667 0.433333333333333
0.78 0.22
0.67 0.33
0.72 0.28
0.333333333333333 0.666666666666667
0.55 0.45
0.76 0.24
0.726666666666667 0.273333333333333
0.4 0.6
0.263333333333333 0.736666666666667
0.303333333333333 0.696666666666667
0.726666666666667 0.273333333333333
0.713333333333333 0.286666666666667
0.74 0.26
0.716666666666667 0.283333333333333
0.746666666666667 0.253333333333333
0.643333333333333 0.356666666666667
0.276666666666667 0.723333333333333
0.703333333333333 0.296666666666667
0.793333333333333 0.206666666666667
0.516666666666667 0.483333333333333
0.743333333333333 0.256666666666667
0.813333333333333 0.186666666666667
0.663333333333333 0.336666666666667
0.573333333333333 0.426666666666667
0.67 0.33
0.676666666666667 0.323333333333333
0.743333333333333 0.256666666666667
0.766666666666667 0.233333333333333
0.75 0.25
0.646666666666667 0.353333333333333
0.75 0.25
0.52 0.48
0.753333333333333 0.246666666666667
0.78 0.22
0.536666666666667 0.463333333333333
0.793333333333333 0.206666666666667
0.36 0.64
0.793333333333333 0.206666666666667
0.656666666666667 0.343333333333333
0.43 0.57
0.703333333333333 0.296666666666667
0.69 0.31
0.696666666666667 0.303333333333333
0.713333333333333 0.286666666666667
0.526666666666667 0.473333333333333
0.736666666666667 0.263333333333333
0.67 0.33
0.746666666666667 0.253333333333333
0.73 0.27
0.673333333333333 0.326666666666667
0.713333333333333 0.286666666666667
0.77 0.23
0.55 0.45
0.646666666666667 0.353333333333333
0.7 0.3
0.69 0.31
0.36 0.64
0.59 0.41
0.526666666666667 0.473333333333333
0.686666666666667 0.313333333333333
0.563333333333333 0.436666666666667
0.796666666666667 0.203333333333333
0.64 0.36
0.683333333333333 0.316666666666667
0.64 0.36
0.753333333333333 0.246666666666667
0.6 0.4
0.516666666666667 0.483333333333333
0.493333333333333 0.506666666666667
0.663333333333333 0.336666666666667
0.796666666666667 0.203333333333333
0.81 0.19
0.613333333333333 0.386666666666667
0.593333333333333 0.406666666666667
0.626666666666667 0.373333333333333
0.776666666666667 0.223333333333333
0.716666666666667 0.283333333333333
0.73 0.27
0.613333333333333 0.386666666666667
0.666666666666667 0.333333333333333
0.616666666666667 0.383333333333333
0.403333333333333 0.596666666666667
0.256666666666667 0.743333333333333
0.336666666666667 0.663333333333333
0.386666666666667 0.613333333333333
0.406666666666667 0.593333333333333
0.37 0.63
0.396666666666667 0.603333333333333
0.696666666666667 0.303333333333333
0.696666666666667 0.303333333333333
0.76 0.24
0.72 0.28
0.703333333333333 0.296666666666667
0.71 0.29
0.76 0.24
0.63 0.37
0.67 0.33
0.676666666666667 0.323333333333333
0.743333333333333 0.256666666666667
0.573333333333333 0.426666666666667
0.766666666666667 0.233333333333333
0.646666666666667 0.353333333333333
0.683333333333333 0.316666666666667
0.5 0.5
0.723333333333333 0.276666666666667
0.636666666666667 0.363333333333333
0.753333333333333 0.246666666666667
0.783333333333333 0.216666666666667
0.746666666666667 0.253333333333333
0.743333333333333 0.256666666666667
0.706666666666667 0.293333333333333
0.733333333333333 0.266666666666667
0.463333333333333 0.536666666666667
0.753333333333333 0.246666666666667
0.79 0.21
0.413333333333333 0.586666666666667
0.616666666666667 0.383333333333333
0.786666666666667 0.213333333333333
0.72 0.28
0.676666666666667 0.323333333333333
0.703333333333333 0.296666666666667
0.706666666666667 0.293333333333333
0.776666666666667 0.223333333333333
0.73 0.27
0.656666666666667 0.343333333333333
0.743333333333333 0.256666666666667
0.666666666666667 0.333333333333333
0.736666666666667 0.263333333333333
0.656666666666667 0.343333333333333
0.61 0.39
0.763333333333333 0.236666666666667
0.623333333333333 0.376666666666667
0.723333333333333 0.276666666666667
0.846666666666667 0.153333333333333
0.816666666666667 0.183333333333333
0.816666666666667 0.183333333333333
0.78 0.22
0.68 0.32
0.743333333333333 0.256666666666667
0.753333333333333 0.246666666666667
0.706666666666667 0.293333333333333
0.676666666666667 0.323333333333333
0.753333333333333 0.246666666666667
0.736666666666667 0.263333333333333
0.54 0.46
0.683333333333333 0.316666666666667
0.71 0.29
0.663333333333333 0.336666666666667
0.673333333333333 0.326666666666667
0.3 0.7
0.686666666666667 0.313333333333333
0.676666666666667 0.323333333333333
0.67 0.33
0.726666666666667 0.273333333333333
0.666666666666667 0.333333333333333
0.66 0.34
0.75 0.25
0.706666666666667 0.293333333333333
0.7 0.3
0.72 0.28
0.71 0.29
0.67 0.33
0.393333333333333 0.606666666666667
0.65 0.35
0.716666666666667 0.283333333333333
0.56 0.44
0.506666666666667 0.493333333333333
0.596666666666667 0.403333333333333
0.65 0.35
0.7 0.3
0.58 0.42
0.69 0.31
0.72 0.28
0.633333333333333 0.366666666666667
0.666666666666667 0.333333333333333
0.816666666666667 0.183333333333333
0.793333333333333 0.206666666666667
0.786666666666667 0.213333333333333
0.776666666666667 0.223333333333333
0.696666666666667 0.303333333333333
0.753333333333333 0.246666666666667
0.726666666666667 0.273333333333333
0.476666666666667 0.523333333333333
0.7 0.3
